0.005 0
0.00999999 -9.89819e-06
0.015 -2.96877e-05
0.0199999 -6.02814e-05
0.0249997 -0.000102616
0.0299994 -0.000157654
0.0349989 -0.000226388
0.0399982 -0.000309555
0.0449973 -0.000407152
0.049996 -0.000519181
0.0549944 -0.000645639
0.0599924 -0.000786525
0.06499 -0.000941839
0.0699871 -0.00111158
0.0749837 -0.00129574
0.0799798 -0.00149433
0.0849752 -0.00170734
0.0899701 -0.00193477
0.0949642 -0.00217662
0.0999576 -0.00243288
0.10495 -0.00270356
0.109942 -0.00298865
0.114933 -0.00328814
0.119923 -0.00360205
0.124913 -0.00393035
0.129901 -0.00427306
0.134888 -0.00463017
0.139874 -0.00500167
0.144859 -0.00538757
0.149843 -0.00578785
0.154826 -0.00620252
0.159808 -0.00663157
0.164788 -0.007075
0.169767 -0.00753281
0.174745 -0.00800499
0.179721 -0.00849153
0.184696 -0.00899244
0.189669 -0.00950771
0.194641 -0.0100373
0.199611 -0.0105813
0.20458 -0.0111396
0.209547 -0.0117123
0.214512 -0.0122993
0.219476 -0.0129006
0.224438 -0.0135162
0.229398 -0.0141462
0.234357 -0.0147905
0.239313 -0.0154491
0.244268 -0.016122
0.24922 -0.0168092
0.254171 -0.0175107
0.259119 -0.0182265
0.264066 -0.0189566
0.26901 -0.0197009
0.273952 -0.0204595
0.278892 -0.0212324
0.28383 -0.0220196
0.288765 -0.0228209
0.293698 -0.0236366
0.298629 -0.0244664
0.303557 -0.0253105
0.308483 -0.0261689
0.313406 -0.0270414
0.318327 -0.0279281
0.323245 -0.0288291
0.32816 -0.0297442
0.333073 -0.0306736
0.337983 -0.0316171
0.342891 -0.0325747
0.347795 -0.0335466
0.352697 -0.0345326
0.357596 -0.0355327
0.362492 -0.036547
0.367385 -0.0375754
0.372275 -0.0386179
0.377162 -0.0396745
0.382046 -0.0407453
0.386927 -0.0418301
0.391805 -0.042929
0.39668 -0.044042
0.401551 -0.0451691
0.406419 -0.0463102
0.411284 -0.0474654
0.416145 -0.0486346
0.421003 -0.0498178
0.425858 -0.0510151
0.430709 -0.0522264
0.435556 -0.0534516
0.4404 -0.0546909
0.445241 -0.0559441
0.450077 -0.0572113
0.45491 -0.0584925
0.45974 -0.0597876
0.464565 -0.0610966
0.469387 -0.0624196
0.474205 -0.0637565
0.479019 -0.0651072
0.483829 -0.0664719
0.488636 -0.0678505
0.493438 -0.0692429
0.498236 -0.0706491
0.50303 -0.0720693
0.50782 -0.0735032
0.512606 -0.074951
0.517388 -0.0764126
0.522165 -0.077888
0.526938 -0.0793771
0.531707 -0.0808801
0.536471 -0.0823968
0.541231 -0.0839272
0.545987 -0.0854714
0.550738 -0.0870293
0.555484 -0.0886009
0.560226 -0.0901862
0.564964 -0.0917852
0.569697 -0.0933979
0.574425 -0.0950242
0.579148 -0.0966642
0.583867 -0.0983177
0.588581 -0.0999849
0.59329 -0.101666
0.597994 -0.10336
0.602693 -0.105068
0.607387 -0.10679
0.612077 -0.108525
0.616761 -0.110273
0.62144 -0.112035
0.626114 -0.113811
0.630783 -0.1156
0.635447 -0.117403
0.640106 -0.119219
0.644759 -0.121048
0.649407 -0.122891
0.654049 -0.124747
0.658687 -0.126617
0.663319 -0.1285
0.667945 -0.130396
0.672566 -0.132306
0.677181 -0.134229
0.681791 -0.136166
0.686395 -0.138116
0.690994 -0.140079
0.695587 -0.142055
0.700174 -0.144044
0.704755 -0.146047
0.709331 -0.148063
0.7139 -0.150092
0.718464 -0.152135
0.723022 -0.15419
0.727574 -0.156259
0.73212 -0.158341
0.73666 -0.160436
0.741194 -0.162544
0.745722 -0.164665
0.750244 -0.166799
0.754759 -0.168946
0.759268 -0.171106
0.763771 -0.173279
0.768268 -0.175466
0.772758 -0.177665
0.777242 -0.179877
0.78172 -0.182102
0.786191 -0.18434
0.790656 -0.186591
0.795114 -0.188855
0.799566 -0.191131
0.804011 -0.193421
0.808449 -0.195723
0.812881 -0.198038
0.817306 -0.200366
0.821724 -0.202707
0.826136 -0.20506
0.83054 -0.207426
0.834938 -0.209805
0.839329 -0.212197
0.843713 -0.214601
0.84809 -0.217018
0.85246 -0.219447
0.856824 -0.221889
0.86118 -0.224344
0.865528 -0.226811
0.86987 -0.229291
0.874205 -0.231783
0.878532 -0.234288
0.882852 -0.236805
0.887165 -0.239335
0.891471 -0.241877
0.895769 -0.244432
0.900059 -0.246999
0.904343 -0.249578
0.908619 -0.25217
0.912887 -0.254774
0.917148 -0.25739
0.921401 -0.260019
0.925647 -0.26266
0.929885 -0.265313
0.934115 -0.267978
0.938338 -0.270656
0.942553 -0.273345
0.94676 -0.276047
0.950959 -0.278761
0.955151 -0.281488
0.959334 -0.284226
0.96351 -0.286976
0.967677 -0.289738
0.971837 -0.292513
0.975989 -0.295299
0.980132 -0.298098
0.984268 -0.300908
0.988395 -0.30373
0.992514 -0.306564
0.996625 -0.30941
1.00073 -0.312268
1.00482 -0.315138
1.00891 -0.318019
1.01299 -0.320912
1.01706 -0.323817
1.02112 -0.326734
1.02517 -0.329663
1.02921 -0.332603
1.03325 -0.335555
1.03728 -0.338518
1.0413 -0.341493
1.04531 -0.34448
1.04931 -0.347478
1.0533 -0.350488
1.05728 -0.353509
1.06126 -0.356542
1.06522 -0.359586
1.06918 -0.362642
1.07313 -0.365709
1.07707 -0.368787
1.081 -0.371877
1.08492 -0.374978
1.08884 -0.378091
1.09274 -0.381215
1.09664 -0.38435
1.10052 -0.387496
1.1044 -0.390653
1.10827 -0.393822
1.11213 -0.397002
1.11598 -0.400193
1.11982 -0.403395
1.12365 -0.406608
1.12747 -0.409832
1.13128 -0.413067
1.13508 -0.416313
1.13888 -0.41957
1.14266 -0.422838
1.14644 -0.426117
1.1502 -0.429407
1.15396 -0.432708
1.1577 -0.436019
1.16144 -0.439342
1.16517 -0.442675
1.16888 -0.446019
1.17259 -0.449373
1.17629 -0.452738
1.17998 -0.456114
1.18366 -0.459501
1.18733 -0.462898
1.19098 -0.466306
1.19463 -0.469724
1.19827 -0.473153
1.2019 -0.476592
1.20552 -0.480042
1.20913 -0.483502
1.21273 -0.486972
1.21632 -0.490453
1.2199 -0.493945
1.22347 -0.497446
1.22703 -0.500958
1.23058 -0.50448
1.23411 -0.508013
1.23764 -0.511555
1.24116 -0.515108
1.24467 -0.518671
1.24817 -0.522244
1.25165 -0.525827
1.25513 -0.52942
1.2586 -0.533023
1.26205 -0.536637
1.2655 -0.54026
1.26893 -0.543893
1.27236 -0.547536
1.27577 -0.551189
1.27918 -0.554851
1.28257 -0.558524
1.28595 -0.562206
1.28932 -0.565898
1.29269 -0.5696
1.29604 -0.573311
1.29938 -0.577032
1.3027 -0.580763
1.30602 -0.584503
1.30933 -0.588253
1.31263 -0.592012
1.31591 -0.595781
1.31919 -0.59956
1.32245 -0.603347
1.3257 -0.607145
1.32895 -0.610951
1.33218 -0.614767
1.3354 -0.618592
1.3386 -0.622427
1.3418 -0.626271
1.34499 -0.630124
1.34816 -0.633986
1.35133 -0.637857
1.35448 -0.641738
1.35762 -0.645627
1.36075 -0.649526
1.36387 -0.653433
1.36698 -0.65735
1.37008 -0.661275
1.37316 -0.66521
1.37624 -0.669153
1.3793 -0.673105
1.38235 -0.677066
1.38539 -0.681036
1.38842 -0.685015
1.39144 -0.689002
1.39444 -0.692998
1.39744 -0.697003
1.40042 -0.701016
1.40339 -0.705038
1.40635 -0.709068
1.4093 -0.713107
1.41223 -0.717155
1.41516 -0.72121
1.41807 -0.725275
1.42097 -0.729348
1.42386 -0.733429
1.42673 -0.737518
1.4296 -0.741616
1.43245 -0.745722
1.43529 -0.749836
1.43812 -0.753958
1.44094 -0.758089
1.44375 -0.762227
1.44654 -0.766374
1.44932 -0.770529
1.45209 -0.774691
1.45485 -0.778862
1.4576 -0.783041
1.46033 -0.787227
1.46305 -0.791422
1.46576 -0.795624
1.46846 -0.799834
1.47114 -0.804052
1.47382 -0.808278
1.47648 -0.812511
1.47912 -0.816752
1.48176 -0.821001
1.48438 -0.825257
1.487 -0.82952
1.4896 -0.833792
1.49218 -0.83807
1.49476 -0.842357
1.49732 -0.84665
1.49987 -0.850951
1.50241 -0.85526
1.50493 -0.859575
1.50744 -0.863898
1.50994 -0.868228
1.51243 -0.872566
1.51491 -0.87691
1.51737 -0.881262
1.51982 -0.885621
1.52226 -0.889986
1.52468 -0.894359
1.52709 -0.898739
1.52949 -0.903126
1.53188 -0.907519
1.53425 -0.91192
1.53661 -0.916327
1.53896 -0.920741
1.5413 -0.925162
1.54362 -0.92959
1.54593 -0.934024
1.54823 -0.938465
1.55051 -0.942912
1.55278 -0.947367
1.55504 -0.951827
1.55729 -0.956294
1.55952 -0.960768
1.56174 -0.965248
1.56395 -0.969735
1.56614 -0.974228
1.56832 -0.978727
1.57049 -0.983232
1.57265 -0.987744
1.57479 -0.992262
1.57692 -0.996786
1.57904 -1.00132
1.58114 -1.00585
1.58323 -1.01039
1.58531 -1.01494
1.58737 -1.0195
1.58942 -1.02406
1.59146 -1.02862
1.59348 -1.0332
1.59549 -1.03777
1.59749 -1.04236
1.59947 -1.04695
1.60144 -1.05154
1.6034 -1.05614
1.60535 -1.06075
1.60728 -1.06536
1.6092 -1.06998
1.6111 -1.0746
1.61299 -1.07923
1.61487 -1.08386
1.61674 -1.0885
1.61859 -1.09315
1.62042 -1.0978
1.62225 -1.10245
1.62406 -1.10711
1.62586 -1.11178
1.62764 -1.11645
1.62941 -1.12113
1.63117 -1.12581
1.63291 -1.13049
1.63464 -1.13518
1.63636 -1.13988
1.63806 -1.14458
1.63975 -1.14929
1.64142 -1.154
1.64309 -1.15871
1.64474 -1.16343
1.64637 -1.16816
1.64799 -1.17289
1.6496 -1.17762
1.65119 -1.18236
1.65277 -1.18711
1.65434 -1.19186
1.65589 -1.19661
1.65743 -1.20137
1.65896 -1.20613
1.66047 -1.21089
1.66196 -1.21566
1.66345 -1.22044
1.66492 -1.22522
1.66637 -1.23
1.66782 -1.23479
1.66925 -1.23958
1.67066 -1.24438
1.67206 -1.24918
1.67345 -1.25398
1.67482 -1.25879
1.67618 -1.2636
1.67753 -1.26841
1.67886 -1.27323
1.68018 -1.27806
1.68148 -1.28288
1.68277 -1.28771
1.68404 -1.29255
1.68531 -1.29739
1.68655 -1.30223
1.68779 -1.30707
1.68901 -1.31192
1.69021 -1.31678
1.69141 -1.32163
1.69258 -1.32649
1.69375 -1.33135
1.6949 -1.33622
1.69603 -1.34109
1.69715 -1.34596
1.69826 -1.35084
1.69936 -1.35572
1.70044 -1.3606
1.7015 -1.36548
1.70255 -1.37037
1.70359 -1.37526
1.70461 -1.38016
1.70562 -1.38505
1.70662 -1.38995
1.7076 -1.39486
1.70856 -1.39976
1.70951 -1.40467
1.71045 -1.40958
1.71138 -1.4145
1.71229 -1.41941
1.71318 -1.42433
1.71406 -1.42925
1.71493 -1.43418
1.71578 -1.43911
1.71662 -1.44403
1.71745 -1.44897
1.71826 -1.4539
1.71905 -1.45884
1.71983 -1.46377
1.7206 -1.46872
1.72135 -1.47366
1.72209 -1.4786
1.72282 -1.48355
1.72353 -1.4885
1.72422 -1.49345
1.72491 -1.4984
1.72557 -1.50336
1.72623 -1.50832
1.72686 -1.51328
1.72749 -1.51824
1.7281 -1.5232
1.7287 -1.52816
1.72928 -1.53313
1.72984 -1.5381
1.7304 -1.54307
1.73093 -1.54804
1.73146 -1.55301
1.73197 -1.55798
1.73246 -1.56296
1.73295 -1.56794
1.73341 -1.57291
1.73386 -1.57789
1.7343 -1.58287
1.73473 -1.58786
1.73513 -1.59284
1.73553 -1.59782
1.73591 -1.60281
1.73628 -1.6078
1.73663 -1.61278
1.73696 -1.61777
1.73729 -1.62276
1.7376 -1.62775
1.73789 -1.63274
1.73817 -1.63774
1.73843 -1.64273
1.73868 -1.64772
1.73892 -1.65272
1.73914 -1.65771
1.73935 -1.66271
1.73954 -1.6677
1.73972 -1.6727
1.73989 -1.6777
1.74004 -1.6827
1.74017 -1.68769
1.74029 -1.69269
1.7404 -1.69769
1.74049 -1.70269
1.74057 -1.70769
1.74063 -1.71269
1.74068 -1.71769
1.74071 -1.72269
1.74073 -1.72769
1.74074 -1.73269
1.74073 -1.73769
1.74071 -1.74269
1.74067 -1.74769
1.74062 -1.75269
1.74055 -1.75769
1.74047 -1.76269
1.74037 -1.76769
1.74026 -1.77269
1.74014 -1.77768
1.74 -1.78268
1.73985 -1.78768
1.73968 -1.79268
1.7395 -1.79767
1.7393 -1.80267
1.73909 -1.80767
1.73886 -1.81266
1.73862 -1.81766
1.73837 -1.82265
1.7381 -1.82764
1.73782 -1.83263
1.73752 -1.83762
1.73721 -1.84261
1.73688 -1.8476
1.73654 -1.85259
1.73619 -1.85758
1.73582 -1.86257
1.73543 -1.86755
1.73504 -1.87254
1.73462 -1.87752
1.7342 -1.8825
1.73375 -1.88748
1.7333 -1.89246
1.73283 -1.89744
1.73234 -1.90241
1.73185 -1.90739
1.73133 -1.91236
1.7308 -1.91733
1.73026 -1.92231
1.72971 -1.92727
1.72914 -1.93224
1.72855 -1.93721
1.72795 -1.94217
1.72734 -1.94713
1.72671 -1.95209
1.72607 -1.95705
1.72541 -1.96201
1.72474 -1.96696
1.72405 -1.97192
1.72336 -1.97687
1.72264 -1.98182
1.72191 -1.98676
1.72117 -1.99171
1.72041 -1.99665
1.71964 -2.00159
1.71886 -2.00653
1.71806 -2.01146
1.71725 -2.0164
1.71642 -2.02133
1.71558 -2.02626
1.71472 -2.03118
1.71385 -2.03611
1.71296 -2.04103
1.71206 -2.04595
1.71115 -2.05086
1.71022 -2.05578
1.70928 -2.06069
1.70833 -2.06559
1.70736 -2.0705
1.70637 -2.0754
1.70537 -2.0803
1.70436 -2.0852
1.70334 -2.09009
1.7023 -2.09498
1.70124 -2.09987
1.70017 -2.10475
1.69909 -2.10963
1.69799 -2.11451
1.69688 -2.11939
1.69576 -2.12426
1.69462 -2.12913
1.69346 -2.13399
1.6923 -2.13885
1.69112 -2.14371
1.68992 -2.14857
1.68871 -2.15342
1.68749 -2.15827
1.68625 -2.16311
1.685 -2.16795
1.68373 -2.17279
1.68245 -2.17762
1.68116 -2.18245
1.67985 -2.18728
1.67853 -2.1921
1.6772 -2.19692
1.67585 -2.20174
1.67449 -2.20655
1.67311 -2.21135
1.67172 -2.21616
1.67032 -2.22095
1.6689 -2.22575
1.66746 -2.23054
1.66602 -2.23533
1.66456 -2.24011
1.66309 -2.24489
1.6616 -2.24966
1.6601 -2.25443
1.65858 -2.25919
1.65705 -2.26395
1.65551 -2.26871
1.65396 -2.27346
1.65239 -2.27821
1.6508 -2.28295
1.64921 -2.28769
1.6476 -2.29242
1.64597 -2.29715
1.64433 -2.30188
1.64268 -2.3066
1.64102 -2.31131
1.63934 -2.31602
1.63764 -2.32073
1.63594 -2.32543
1.63422 -2.33012
1.63249 -2.33481
1.63074 -2.3395
1.62898 -2.34418
1.6272 -2.34885
1.62542 -2.35352
1.62362 -2.35818
1.6218 -2.36284
1.61998 -2.3675
1.61813 -2.37215
1.61628 -2.37679
1.61441 -2.38143
1.61253 -2.38606
1.61064 -2.39069
1.60873 -2.39531
1.60681 -2.39993
1.60487 -2.40454
1.60292 -2.40914
1.60096 -2.41374
1.59899 -2.41833
1.597 -2.42292
1.595 -2.4275
1.59299 -2.43208
1.59096 -2.43665
1.58892 -2.44122
1.58686 -2.44577
1.5848 -2.45033
1.58272 -2.45487
1.58063 -2.45941
1.57852 -2.46395
1.5764 -2.46848
1.57427 -2.473
1.57212 -2.47752
1.56996 -2.48203
1.56779 -2.48653
1.56561 -2.49103
1.56341 -2.49552
1.5612 -2.5
1.55898 -2.50448
1.55674 -2.50896
1.55449 -2.51342
1.55223 -2.51788
1.54995 -2.52233
1.54767 -2.52678
1.54537 -2.53122
1.54305 -2.53565
1.54073 -2.54008
1.53839 -2.5445
1.53604 -2.54891
1.53367 -2.55331
1.53129 -2.55771
1.52891 -2.5621
1.5265 -2.56649
1.52409 -2.57087
1.52166 -2.57524
1.51922 -2.5796
1.51677 -2.58396
1.5143 -2.58831
1.51182 -2.59265
1.50933 -2.59699
1.50683 -2.60132
1.50431 -2.60564
1.50179 -2.60995
1.49925 -2.61426
1.49669 -2.61856
1.49413 -2.62285
1.49155 -2.62713
1.48896 -2.63141
1.48636 -2.63568
1.48374 -2.63994
1.48112 -2.6442
1.47848 -2.64844
1.47583 -2.65268
1.47316 -2.65691
1.47049 -2.66114
1.4678 -2.66535
1.4651 -2.66956
1.46239 -2.67376
1.45966 -2.67795
1.45692 -2.68214
1.45418 -2.68632
1.45142 -2.69048
1.44864 -2.69464
1.44586 -2.6988
1.44306 -2.70294
1.44025 -2.70708
1.43743 -2.71121
1.4346 -2.71533
1.43176 -2.71944
1.4289 -2.72354
1.42603 -2.72764
1.42315 -2.73173
1.42026 -2.73581
1.41736 -2.73988
1.41444 -2.74394
1.41151 -2.74799
1.40858 -2.75204
1.40563 -2.75608
1.40266 -2.7601
1.39969 -2.76412
1.39671 -2.76813
1.39371 -2.77214
1.3907 -2.77613
1.38768 -2.78012
1.38465 -2.78409
1.38161 -2.78806
1.37855 -2.79202
1.37549 -2.79597
1.37241 -2.79991
1.36932 -2.80384
1.36622 -2.80777
1.36311 -2.81168
1.35999 -2.81559
1.35686 -2.81948
1.35371 -2.82337
1.35056 -2.82725
1.34739 -2.83112
1.34421 -2.83498
1.34102 -2.83883
1.33782 -2.84267
1.33461 -2.8465
1.33139 -2.85032
1.32815 -2.85414
1.32491 -2.85794
1.32165 -2.86174
1.31839 -2.86552
1.31511 -2.8693
1.31182 -2.87306
1.30852 -2.87682
1.30521 -2.88057
1.30189 -2.88431
1.29856 -2.88804
1.29522 -2.89175
1.29186 -2.89546
1.2885 -2.89916
1.28513 -2.90285
1.28174 -2.90653
1.27834 -2.9102
1.27494 -2.91386
1.27152 -2.91751
1.26809 -2.92115
1.26466 -2.92478
1.26121 -2.9284
1.25775 -2.93202
1.25428 -2.93562
1.2508 -2.93921
1.24731 -2.94279
1.24381 -2.94636
1.2403 -2.94992
1.23678 -2.95347
1.23325 -2.95701
1.22971 -2.96054
1.22616 -2.96406
1.22259 -2.96757
1.21902 -2.97107
1.21544 -2.97456
1.21185 -2.97803
1.20825 -2.9815
1.20464 -2.98496
1.20101 -2.98841
1.19738 -2.99184
1.19374 -2.99527
1.19009 -2.99869
1.18643 -3.00209
1.18276 -3.00549
1.17908 -3.00887
1.17539 -3.01224
1.17169 -3.0156
1.16798 -3.01896
1.16426 -3.0223
1.16053 -3.02563
1.15679 -3.02895
1.15304 -3.03226
1.14928 -3.03556
1.14551 -3.03884
1.14174 -3.04212
1.13795 -3.04538
1.13415 -3.04864
1.13035 -3.05188
1.12653 -3.05511
1.12271 -3.05834
1.11888 -3.06155
1.11503 -3.06475
1.11118 -3.06793
1.10732 -3.07111
1.10345 -3.07428
1.09957 -3.07743
1.09568 -3.08057
1.09179 -3.08371
1.08788 -3.08683
1.08397 -3.08994
1.08004 -3.09304
1.07611 -3.09612
1.07217 -3.0992
1.06821 -3.10226
1.06425 -3.10532
1.06029 -3.10836
1.05631 -3.11139
1.05232 -3.11441
1.04833 -3.11741
1.04432 -3.12041
1.04031 -3.12339
1.03629 -3.12636
1.03226 -3.12932
1.02822 -3.13227
1.02418 -3.13521
1.02012 -3.13814
1.01606 -3.14105
1.01199 -3.14395
1.00791 -3.14684
1.00382 -3.14972
0.999725 -3.15259
0.99562 -3.15544
0.991507 -3.15829
0.987386 -3.16112
0.983256 -3.16394
0.979119 -3.16674
0.974973 -3.16954
0.97082 -3.17232
0.966658 -3.17509
0.962488 -3.17785
0.958311 -3.1806
0.954125 -3.18334
0.949932 -3.18606
0.945731 -3.18877
0.941522 -3.19147
0.937305 -3.19416
0.93308 -3.19683
0.928848 -3.19949
0.924608 -3.20214
0.920361 -3.20478
0.916106 -3.20741
0.911843 -3.21002
0.907573 -3.21262
0.903295 -3.21521
0.89901 -3.21779
0.894717 -3.22035
0.890417 -3.2229
0.88611 -3.22544
0.881795 -3.22797
0.877474 -3.23048
0.873144 -3.23298
0.868808 -3.23547
0.864465 -3.23795
0.860114 -3.24041
0.855756 -3.24287
0.851391 -3.2453
0.84702 -3.24773
0.842641 -3.25014
0.838255 -3.25255
0.833862 -3.25493
0.829463 -3.25731
0.825056 -3.25967
0.820643 -3.26202
0.816223 -3.26436
0.811797 -3.26669
0.807363 -3.269
0.802923 -3.2713
0.798477 -3.27358
0.794023 -3.27586
0.789564 -3.27812
0.785097 -3.28036
0.780625 -3.2826
0.776145 -3.28482
0.77166 -3.28703
0.767168 -3.28923
0.76267 -3.29141
0.758165 -3.29358
0.753654 -3.29574
0.749137 -3.29788
0.744614 -3.30001
0.740085 -3.30213
0.735549 -3.30423
0.731008 -3.30633
0.726461 -3.3084
0.721907 -3.31047
0.717348 -3.31252
0.712782 -3.31456
0.708211 -3.31659
0.703634 -3.3186
0.699051 -3.3206
0.694463 -3.32259
0.689869 -3.32456
0.685269 -3.32652
0.680663 -3.32847
0.676052 -3.3304
0.671435 -3.33232
0.666813 -3.33422
0.662185 -3.33612
0.657552 -3.338
0.652914 -3.33986
0.64827 -3.34172
0.64362 -3.34356
0.638966 -3.34538
0.634306 -3.3472
0.629641 -3.349
0.624971 -3.35078
0.620295 -3.35255
0.615615 -3.35431
0.610929 -3.35606
0.606239 -3.35779
0.601543 -3.35951
0.596843 -3.36121
0.592137 -3.3629
0.587427 -3.36458
0.582712 -3.36624
0.577992 -3.36789
0.573268 -3.36953
0.568539 -3.37115
0.563805 -3.37276
0.559066 -3.37436
0.554323 -3.37594
0.549575 -3.37751
0.544823 -3.37906
0.540066 -3.3806
0.535305 -3.38213
0.53054 -3.38365
0.52577 -3.38514
0.520996 -3.38663
0.516217 -3.3881
0.511435 -3.38956
0.506648 -3.391
0.501857 -3.39244
0.497062 -3.39385
0.492263 -3.39526
0.48746 -3.39664
0.482652 -3.39802
0.477841 -3.39938
0.473026 -3.40073
0.468207 -3.40206
0.463385 -3.40338
0.458558 -3.40469
0.453728 -3.40598
0.448894 -3.40726
0.444056 -3.40852
0.439215 -3.40977
0.434371 -3.41101
0.429523 -3.41223
0.424671 -3.41344
0.419816 -3.41464
0.414958 -3.41582
0.410096 -3.41699
0.405232 -3.41814
0.400364 -3.41928
0.395493 -3.42041
0.390619 -3.42153
0.385741 -3.42263
0.380861 -3.42372
0.375978 -3.42479
0.371092 -3.42585
0.366203 -3.4269
0.361311 -3.42794
0.356417 -3.42896
0.35152 -3.42997
0.34662 -3.43096
0.341718 -3.43195
0.336812 -3.43291
0.331905 -3.43387
0.326995 -3.43482
0.322082 -3.43575
0.317167 -3.43666
0.31225 -3.43757
0.30733 -3.43846
0.302408 -3.43934
0.297484 -3.44021
0.292557 -3.44106
0.287628 -3.4419
0.282697 -3.44273
0.277764 -3.44355
0.272829 -3.44435
0.267892 -3.44514
0.262953 -3.44592
0.258012 -3.44669
0.25307 -3.44744
0.248125 -3.44818
0.243178 -3.44891
0.23823 -3.44963
0.23328 -3.45033
0.228328 -3.45102
0.223374 -3.4517
0.218419 -3.45237
0.213462 -3.45303
0.208504 -3.45367
0.203544 -3.4543
0.198582 -3.45492
0.193619 -3.45553
0.188655 -3.45612
0.183689 -3.45671
0.178722 -3.45728
0.173753 -3.45784
0.168783 -3.45838
0.163812 -3.45892
0.158839 -3.45944
0.153866 -3.45996
0.148891 -3.46046
0.143915 -3.46095
0.138938 -3.46142
0.133959 -3.46189
0.12898 -3.46234
0.124 -3.46279
0.119018 -3.46322
0.114036 -3.46364
0.109053 -3.46404
0.104068 -3.46444
0.0990833 -3.46483
0.0940973 -3.4652
0.0891105 -3.46556
0.0841229 -3.46591
0.0791345 -3.46625
0.0741453 -3.46658
0.0691554 -3.4669
0.0641648 -3.46721
0.0591736 -3.4675
0.0541817 -3.46779
0.0491891 -3.46806
0.044196 -3.46832
0.0392023 -3.46858
0.0342081 -3.46882
0.0292134 -3.46904
0.0242182 -3.46926
0.0192225 -3.46947
0.0142264 -3.46967
0.00922983 -3.46985
0.0042329 -3.47003
-0.000764388 -3.47019
-0.00576202 -3.47035
-0.01076 -3.47049
-0.0157582 -3.47062
-0.0207567 -3.47075
-0.0257555 -3.47086
-0.0307545 -3.47096
-0.0357537 -3.47105
-0.040753 -3.47113
-0.0457525 -3.4712
-0.0507522 -3.47126
-0.055752 -3.4713
-0.0607518 -3.47134
-0.0657517 -3.47137
-0.0707517 -3.47139
-0.0757517 -3.47139
-0.0807517 -3.47139
-0.0857517 -3.47138
-0.0907516 -3.47135
-0.0957515 -3.47132
-0.100751 -3.47128
-0.105751 -3.47122
-0.110751 -3.47116
-0.11575 -3.47108
-0.120749 -3.471
-0.125748 -3.4709
-0.130747 -3.4708
-0.135746 -3.47069
-0.140745 -3.47056
-0.145743 -3.47043
-0.150741 -3.47029
-0.155738 -3.47013
-0.160736 -3.46997
-0.165733 -3.46979
-0.170729 -3.46961
-0.175726 -3.46942
-0.180722 -3.46922
-0.185717 -3.46901
-0.190712 -3.46878
-0.195707 -3.46855
-0.200701 -3.46831
-0.205695 -3.46806
-0.210688 -3.4678
-0.215681 -3.46753
-0.220673 -3.46725
-0.225665 -3.46697
-0.230656 -3.46667
-0.235646 -3.46636
-0.240636 -3.46604
-0.245626 -3.46572
-0.250614 -3.46538
-0.255603 -3.46504
-0.26059 -3.46469
-0.265577 -3.46432
-0.270563 -3.46395
-0.275549 -3.46357
-0.280533 -3.46318
-0.285517 -3.46278
-0.290501 -3.46237
-0.295483 -3.46196
-0.300465 -3.46153
-0.305446 -3.46109
-0.310426 -3.46065
-0.315406 -3.4602
-0.320384 -3.45973
-0.325362 -3.45926
-0.330339 -3.45878
-0.335315 -3.45829
-0.34029 -3.4578
-0.345264 -3.45729
-0.350238 -3.45677
-0.35521 -3.45625
-0.360182 -3.45572
-0.365152 -3.45518
-0.370122 -3.45463
-0.375091 -3.45407
-0.380058 -3.4535
-0.385025 -3.45292
-0.389991 -3.45234
-0.394955 -3.45175
-0.399919 -3.45114
-0.404882 -3.45053
-0.409843 -3.44991
-0.414804 -3.44929
-0.419763 -3.44865
-0.424721 -3.44801
-0.429679 -3.44736
-0.434635 -3.44669
-0.43959 -3.44603
-0.444544 -3.44535
-0.449497 -3.44466
-0.454448 -3.44397
-0.459399 -3.44327
-0.464348 -3.44256
-0.469296 -3.44184
-0.474243 -3.44111
-0.479189 -3.44038
-0.484133 -3.43963
-0.489076 -3.43888
-0.494018 -3.43812
-0.498959 -3.43736
-0.503899 -3.43658
-0.508837 -3.4358
-0.513774 -3.43501
-0.51871 -3.43421
-0.523644 -3.4334
-0.528577 -3.43258
-0.533509 -3.43176
-0.53844 -3.43093
-0.543369 -3.43009
-0.548297 -3.42925
-0.553223 -3.42839
-0.558148 -3.42753
-0.563072 -3.42666
-0.567994 -3.42578
-0.572915 -3.4249
-0.577835 -3.424
-0.582753 -3.4231
-0.58767 -3.4222
-0.592586 -3.42128
-0.5975 -3.42036
-0.602412 -3.41943
-0.607323 -3.41849
-0.612233 -3.41754
-0.617141 -3.41659
-0.622048 -3.41563
-0.626953 -3.41466
-0.631857 -3.41368
-0.636759 -3.4127
-0.64166 -3.41171
-0.646559 -3.41071
-0.651457 -3.4097
-0.656354 -3.40869
-0.661248 -3.40767
-0.666142 -3.40664
-0.671033 -3.40561
-0.675924 -3.40457
-0.680812 -3.40352
-0.685699 -3.40246
-0.690585 -3.4014
-0.695469 -3.40033
-0.700351 -3.39925
-0.705232 -3.39816
-0.710111 -3.39707
-0.714989 -3.39597
-0.719865 -3.39486
-0.724739 -3.39375
-0.729612 -3.39263
-0.734483 -3.3915
-0.739353 -3.39037
-0.744221 -3.38923
-0.749087 -3.38808
-0.753952 -3.38692
-0.758815 -3.38576
-0.763676 -3.38459
-0.768536 -3.38341
-0.773394 -3.38223
-0.77825 -3.38104
-0.783105 -3.37984
-0.787958 -3.37864
-0.792809 -3.37743
-0.797659 -3.37621
-0.802507 -3.37499
-0.807353 -3.37376
-0.812197 -3.37252
-0.81704 -3.37128
-0.821881 -3.37003
-0.826721 -3.36877
-0.831558 -3.36751
-0.836394 -3.36624
-0.841228 -3.36496
-0.846061 -3.36367
-0.850892 -3.36238
-0.85572 -3.36109
-0.860548 -3.35978
-0.865373 -3.35848
-0.870197 -3.35716
-0.875019 -3.35584
-0.879839 -3.35451
-0.884657 -3.35317
-0.889474 -3.35183
-0.894288 -3.35048
-0.899101 -3.34913
-0.903913 -3.34777
-0.908722 -3.3464
-0.91353 -3.34502
-0.918335 -3.34364
-0.923139 -3.34226
-0.927941 -3.34087
-0.932742 -3.33947
-0.93754 -3.33806
-0.942337 -3.33665
-0.947132 -3.33523
-0.951925 -3.33381
-0.956716 -3.33238
-0.961506 -3.33094
-0.966293 -3.3295
-0.971079 -3.32805
-0.975863 -3.3266
-0.980645 -3.32514
-0.985425 -3.32367
-0.990203 -3.3222
-0.994979 -3.32072
-0.999754 -3.31924
-1.00453 -3.31775
-1.0093 -3.31625
-1.01407 -3.31475
-1.01883 -3.31324
-1.0236 -3.31173
-1.02836 -3.31021
-1.03312 -3.30868
-1.03788 -3.30715
-1.04264 -3.30561
-1.0474 -3.30407
-1.05215 -3.30252
-1.0569 -3.30096
-1.06165 -3.2994
-1.0664 -3.29783
-1.07115 -3.29626
-1.07589 -3.29468
-1.08063 -3.2931
-1.08537 -3.29151
-1.09011 -3.28991
-1.09485 -3.28831
-1.09958 -3.2867
-1.10432 -3.28509
-1.10905 -3.28347
-1.11378 -3.28185
-1.1185 -3.28022
-1.12323 -3.27859
-1.12795 -3.27695
-1.13267 -3.2753
-1.13739 -3.27365
-1.14211 -3.27199
-1.14683 -3.27033
-1.15154 -3.26866
-1.15625 -3.26699
-1.16096 -3.26531
-1.16567 -3.26362
-1.17037 -3.26193
-1.17508 -3.26024
-1.17978 -3.25854
-1.18448 -3.25683
-1.18918 -3.25512
-1.19387 -3.2534
-1.19857 -3.25168
-1.20326 -3.24995
-1.20795 -3.24822
-1.21264 -3.24648
-1.21732 -3.24474
-1.22201 -3.24299
-1.22669 -3.24123
-1.23137 -3.23947
-1.23605 -3.23771
-1.24072 -3.23594
-1.2454 -3.23417
-1.25007 -3.23239
-1.25474 -3.2306
-1.25941 -3.22881
-1.26408 -3.22701
-1.26874 -3.22521
-1.2734 -3.22341
-1.27806 -3.2216
-1.28272 -3.21978
-1.28738 -3.21796
-1.29203 -3.21613
-1.29669 -3.2143
-1.30134 -3.21247
-1.30599 -3.21062
-1.31063 -3.20878
-1.31528 -3.20693
-1.31992 -3.20507
-1.32456 -3.20321
-1.3292 -3.20134
-1.33384 -3.19947
-1.33847 -3.19759
-1.3431 -3.19571
-1.34773 -3.19383
-1.35236 -3.19194
-1.35699 -3.19004
-1.36161 -3.18814
-1.36624 -3.18624
-1.37086 -3.18433
-1.37548 -3.18241
-1.38009 -3.18049
-1.38471 -3.17857
-1.38932 -3.17664
-1.39393 -3.1747
-1.39854 -3.17276
-1.40315 -3.17082
-1.40775 -3.16887
-1.41235 -3.16692
-1.41695 -3.16496
-1.42155 -3.163
-1.42615 -3.16103
-1.43074 -3.15906
-1.43534 -3.15708
-1.43993 -3.1551
-1.44452 -3.15311
-1.4491 -3.15112
-1.45369 -3.14913
-1.45827 -3.14713
-1.46285 -3.14512
-1.46743 -3.14312
-1.47201 -3.1411
-1.47658 -3.13908
-1.48115 -3.13706
-1.48572 -3.13503
-1.49029 -3.133
-1.49486 -3.13097
-1.49942 -3.12893
-1.50399 -3.12688
-1.50855 -3.12483
-1.51311 -3.12278
-1.51766 -3.12072
-1.52222 -3.11866
-1.52677 -3.11659
-1.53132 -3.11452
-1.53587 -3.11244
-1.54042 -3.11036
-1.54496 -3.10828
-1.5495 -3.10619
-1.55404 -3.10409
-1.55858 -3.102
-1.56312 -3.09989
-1.56765 -3.09779
-1.57219 -3.09568
-1.57672 -3.09356
-1.58125 -3.09144
-1.58577 -3.08932
-1.5903 -3.08719
-1.59482 -3.08506
-1.59934 -3.08292
-1.60386 -3.08078
-1.60838 -3.07864
-1.61289 -3.07649
-1.6174 -3.07434
-1.62191 -3.07218
-1.62642 -3.07002
-1.63093 -3.06785
-1.63543 -3.06568
-1.63994 -3.06351
-1.64444 -3.06133
-1.64894 -3.05915
-1.65343 -3.05696
-1.65793 -3.05477
-1.66242 -3.05258
-1.66691 -3.05038
-1.6714 -3.04818
-1.67589 -3.04597
-1.68037 -3.04376
-1.68485 -3.04154
-1.68933 -3.03932
-1.69381 -3.0371
-1.69829 -3.03488
-1.70277 -3.03264
-1.70724 -3.03041
-1.71171 -3.02817
-1.71618 -3.02593
-1.72064 -3.02368
-1.72511 -3.02143
-1.72957 -3.01918
-1.73403 -3.01692
-1.73849 -3.01466
-1.74295 -3.01239
-1.7474 -3.01012
-1.75186 -3.00785
-1.75631 -3.00557
-1.76076 -3.00329
-1.7652 -3.001
-1.76965 -2.99871
-1.77409 -2.99642
-1.77853 -2.99412
-1.78297 -2.99182
-1.78741 -2.98952
-1.79185 -2.98721
-1.79628 -2.9849
-1.80071 -2.98258
-1.80514 -2.98026
-1.80957 -2.97794
-1.81399 -2.97561
-1.81842 -2.97328
-1.82284 -2.97095
-1.82726 -2.96861
-1.83167 -2.96627
-1.83609 -2.96392
-1.8405 -2.96157
-1.84492 -2.95922
-1.84933 -2.95686
-1.85373 -2.9545
-1.85814 -2.95214
-1.86254 -2.94977
-1.86695 -2.9474
-1.87135 -2.94502
-1.87574 -2.94264
-1.88014 -2.94026
-1.88453 -2.93788
-1.88893 -2.93549
-1.89332 -2.93309
-1.8977 -2.9307
-1.90209 -2.9283
-1.90648 -2.92589
-1.91086 -2.92349
-1.91524 -2.92108
-1.91962 -2.91866
-1.92399 -2.91624
-1.92837 -2.91382
-1.93274 -2.9114
-1.93711 -2.90897
-1.94148 -2.90654
-1.94585 -2.9041
-1.95021 -2.90167
-1.95458 -2.89922
-1.95894 -2.89678
-1.9633 -2.89433
-1.96765 -2.89188
-1.97201 -2.88942
-1.97636 -2.88696
-1.98071 -2.8845
-1.98506 -2.88203
-1.98941 -2.87957
-1.99376 -2.87709
-1.9981 -2.87462
-2.00244 -2.87214
-2.00678 -2.86965
-2.01112 -2.86717
-2.01546 -2.86468
-2.01979 -2.86219
-2.02412 -2.85969
-2.02846 -2.85719
-2.03278 -2.85469
-2.03711 -2.85218
-2.04144 -2.84967
-2.04576 -2.84716
-2.05008 -2.84465
-2.0544 -2.84213
-2.05872 -2.8396
-2.06303 -2.83708
-2.06734 -2.83455
-2.07166 -2.83202
-2.07597 -2.82948
-2.08027 -2.82694
-2.08458 -2.8244
-2.08888 -2.82186
-2.09319 -2.81931
-2.09749 -2.81676
-2.10178 -2.81421
-2.10608 -2.81165
-2.11037 -2.80909
-2.11467 -2.80652
-2.11896 -2.80396
-2.12325 -2.80139
-2.12753 -2.79881
-2.13182 -2.79624
-2.1361 -2.79366
-2.14038 -2.79107
-2.14466 -2.78849
-2.14894 -2.7859
-2.15322 -2.78331
-2.15749 -2.78071
-2.16176 -2.77812
-2.16603 -2.77551
-2.1703 -2.77291
-2.17457 -2.7703
-2.17883 -2.76769
-2.1831 -2.76508
-2.18736 -2.76246
-2.19162 -2.75984
-2.19587 -2.75722
-2.20013 -2.7546
-2.20438 -2.75197
-2.20863 -2.74934
-2.21288 -2.7467
-2.21713 -2.74407
-2.22138 -2.74143
-2.22562 -2.73878
-2.22986 -2.73614
-2.2341 -2.73349
-2.23834 -2.73084
-2.24258 -2.72818
-2.24681 -2.72552
-2.25105 -2.72286
-2.25528 -2.7202
-2.25951 -2.71753
-2.26374 -2.71486
-2.26796 -2.71219
-2.27219 -2.70951
-2.27641 -2.70684
-2.28063 -2.70416
-2.28485 -2.70147
-2.28907 -2.69879
-2.29328 -2.6961
-2.29749 -2.6934
-2.3017 -2.69071
-2.30591 -2.68801
-2.31012 -2.68531
-2.31433 -2.68261
-2.31853 -2.6799
-2.32273 -2.67719
-2.32694 -2.67448
-2.33113 -2.67176
-2.33533 -2.66904
-2.33953 -2.66632
-2.34372 -2.6636
-2.34791 -2.66087
-2.3521 -2.65815
-2.35629 -2.65541
-2.36047 -2.65268
-2.36466 -2.64994
-2.36884 -2.6472
-2.37302 -2.64446
-2.3772 -2.64172
-2.38138 -2.63897
-2.38555 -2.63622
-2.38973 -2.63346
-2.3939 -2.63071
-2.39807 -2.62795
-2.40224 -2.62519
-2.4064 -2.62242
-2.41057 -2.61966
-2.41473 -2.61689
-2.41889 -2.61412
-2.42305 -2.61134
-2.42721 -2.60856
-2.43137 -2.60578
-2.43552 -2.603
-2.43967 -2.60021
-2.44382 -2.59743
-2.44797 -2.59464
-2.45212 -2.59184
-2.45626 -2.58905
-2.46041 -2.58625
-2.46455 -2.58345
-2.46869 -2.58064
-2.47283 -2.57784
-2.47696 -2.57503
-2.4811 -2.57222
-2.48523 -2.5694
-2.48936 -2.56659
-2.49349 -2.56377
-2.49762 -2.56095
-2.50175 -2.55812
-2.50587 -2.5553
-2.50999 -2.55247
-2.51411 -2.54964
-2.51823 -2.5468
-2.52235 -2.54397
-2.52647 -2.54113
-2.53058 -2.53828
-2.53469 -2.53544
-2.5388 -2.53259
-2.54291 -2.52974
-2.54702 -2.52689
-2.55112 -2.52404
-2.55523 -2.52118
-2.55933 -2.51832
-2.56343 -2.51546
-2.56753 -2.5126
-2.57163 -2.50973
-2.57572 -2.50686
-2.57981 -2.50399
-2.58391 -2.50112
-2.588 -2.49824
-2.59208 -2.49536
-2.59617 -2.49248
-2.60025 -2.4896
-2.60434 -2.48671
-2.60842 -2.48382
-2.6125 -2.48093
-2.61658 -2.47804
-2.62065 -2.47514
-2.62473 -2.47225
-2.6288 -2.46934
-2.63287 -2.46644
-2.63694 -2.46354
-2.64101 -2.46063
-2.64508 -2.45772
-2.64914 -2.45481
-2.6532 -2.45189
-2.65726 -2.44898
-2.66132 -2.44606
-2.66538 -2.44314
-2.66944 -2.44021
-2.67349 -2.43729
-2.67754 -2.43436
-2.6816 -2.43143
-2.68564 -2.42849
-2.68969 -2.42556
-2.69374 -2.42262
-2.69778 -2.41968
-2.70183 -2.41674
-2.70587 -2.4138
-2.70991 -2.41085
-2.71394 -2.4079
-2.71798 -2.40495
-2.72201 -2.40199
-2.72605 -2.39904
-2.73008 -2.39608
-2.73411 -2.39312
-2.73814 -2.39016
-2.74216 -2.38719
-2.74619 -2.38423
-2.75021 -2.38126
-2.75423 -2.37829
-2.75825 -2.37531
-2.76227 -2.37234
-2.76628 -2.36936
-2.7703 -2.36638
-2.77431 -2.36339
-2.77832 -2.36041
-2.78233 -2.35742
-2.78634 -2.35443
-2.79035 -2.35144
-2.79435 -2.34845
-2.79836 -2.34545
-2.80236 -2.34246
-2.80636 -2.33946
-2.81036 -2.33645
-2.81435 -2.33345
-2.81835 -2.33044
-2.82234 -2.32743
-2.82633 -2.32442
-2.83032 -2.32141
-2.83431 -2.3184
-2.8383 -2.31538
-2.84228 -2.31236
-2.84627 -2.30934
-2.85025 -2.30631
-2.85423 -2.30329
-2.85821 -2.30026
-2.86219 -2.29723
-2.86616 -2.2942
-2.87014 -2.29116
-2.87411 -2.28813
-2.87808 -2.28509
-2.88205 -2.28205
-2.88602 -2.27901
-2.88998 -2.27596
-2.89395 -2.27292
-2.89791 -2.26987
-2.90187 -2.26682
-2.90583 -2.26376
-2.90979 -2.26071
-2.91375 -2.25765
-2.9177 -2.25459
-2.92166 -2.25153
-2.92561 -2.24847
-2.92956 -2.2454
-2.93351 -2.24234
-2.93745 -2.23927
-2.9414 -2.2362
-2.94534 -2.23312
-2.94929 -2.23005
-2.95323 -2.22697
-2.95717 -2.22389
-2.9611 -2.22081
-2.96504 -2.21773
-2.96898 -2.21464
-2.97291 -2.21155
-2.97684 -2.20846
-2.98077 -2.20537
-2.9847 -2.20228
-2.98862 -2.19918
-2.99255 -2.19609
-2.99647 -2.19299
-3.0004 -2.18989
-3.00432 -2.18678
-3.00824 -2.18368
-3.01215 -2.18057
-3.01607 -2.17746
-3.01998 -2.17435
-3.0239 -2.17124
-3.02781 -2.16812
-3.03172 -2.16501
-3.03563 -2.16189
-3.03953 -2.15877
-3.04344 -2.15565
-3.04734 -2.15252
-3.05124 -2.1494
-3.05514 -2.14627
-3.05904 -2.14314
-3.06294 -2.14
-3.06684 -2.13687
-3.07073 -2.13373
-3.07462 -2.1306
-3.07851 -2.12746
-3.0824 -2.12432
-3.08629 -2.12117
-3.09018 -2.11803
-3.09406 -2.11488
-3.09795 -2.11173
-3.10183 -2.10858
-3.10571 -2.10543
-3.10959 -2.10227
-3.11347 -2.09911
-3.11734 -2.09596
-3.12122 -2.0928
-3.12509 -2.08963
-3.12896 -2.08647
-3.13283 -2.0833
-3.1367 -2.08014
-3.14057 -2.07697
-3.14443 -2.0738
-3.1483 -2.07062
-3.15216 -2.06745
-3.15602 -2.06427
-3.15988 -2.06109
-3.16374 -2.05791
-3.16759 -2.05473
-3.17145 -2.05154
-3.1753 -2.04836
-3.17915 -2.04517
-3.183 -2.04198
-3.18685 -2.03879
-3.1907 -2.0356
-3.19455 -2.0324
-3.19839 -2.0292
-3.20223 -2.026
-3.20608 -2.0228
-3.20992 -2.0196
-3.21375 -2.0164
-3.21759 -2.01319
-3.22143 -2.00998
-3.22526 -2.00678
-3.22909 -2.00356
-3.23293 -2.00035
-3.23675 -1.99714
-3.24058 -1.99392
-3.24441 -1.9907
-3.24823 -1.98748
-3.25206 -1.98426
-3.25588 -1.98104
-3.2597 -1.97781
-3.26352 -1.97459
-3.26734 -1.97136
-3.27116 -1.96813
-3.27497 -1.96489
-3.27878 -1.96166
-3.2826 -1.95842
-3.28641 -1.95519
-3.29022 -1.95195
-3.29402 -1.94871
-3.29783 -1.94547
-3.30163 -1.94222
-3.30544 -1.93898
-3.30924 -1.93573
-3.31304 -1.93248
-3.31684 -1.92923
-3.32063 -1.92597
-3.32443 -1.92272
-3.32822 -1.91946
-3.33202 -1.91621
-3.33581 -1.91295
-3.3396 -1.90969
-3.34339 -1.90642
-3.34718 -1.90316
-3.35096 -1.89989
-3.35475 -1.89662
-3.35853 -1.89335
-3.36231 -1.89008
-3.36609 -1.88681
-3.36987 -1.88354
-3.37365 -1.88026
-3.37742 -1.87698
-3.38119 -1.8737
-3.38497 -1.87042
-3.38874 -1.86714
-3.39251 -1.86385
-3.39628 -1.86057
-3.40004 -1.85728
-3.40381 -1.85399
-3.40757 -1.8507
-3.41134 -1.84741
-3.4151 -1.84411
-3.41886 -1.84082
-3.42262 -1.83752
-3.42637 -1.83422
-3.43013 -1.83092
-3.43388 -1.82761
-3.43764 -1.82431
-3.44139 -1.821
-3.44514 -1.8177
-3.44888 -1.81439
-3.45263 -1.81108
-3.45638 -1.80777
-3.46012 -1.80445
-3.46386 -1.80114
-3.46761 -1.79782
-3.47135 -1.7945
-3.47508 -1.79118
-3.47882 -1.78786
-3.48256 -1.78454
-3.48629 -1.78121
-3.49002 -1.77788
-3.49375 -1.77456
-3.49748 -1.77123
-3.50121 -1.76789
-3.50494 -1.76456
-3.50867 -1.76123
-3.51239 -1.75789
-3.51611 -1.75455
-3.51983 -1.75121
-3.52355 -1.74787
-3.52727 -1.74453
-3.53099 -1.74119
-3.53471 -1.73784
-3.53842 -1.73449
-3.54213 -1.73115
-3.54585 -1.7278
-3.54956 -1.72444
-3.55326 -1.72109
-3.55697 -1.71774
-3.56068 -1.71438
-3.56438 -1.71102
-3.56809 -1.70766
-3.57179 -1.7043
-3.57549 -1.70094
-3.57919 -1.69757
-3.58288 -1.69421
-3.58658 -1.69084
-3.59028 -1.68747
-3.59397 -1.6841
-3.59766 -1.68073
-3.60135 -1.67736
-3.60504 -1.67398
-3.60873 -1.67061
-3.61242 -1.66723
-3.6161 -1.66385
-3.61978 -1.66047
-3.62347 -1.65709
-3.62715 -1.6537
-3.63083 -1.65032
-3.63451 -1.64693
-3.63818 -1.64354
-3.64186 -1.64015
-3.64553 -1.63676
-3.6492 -1.63337
-3.65288 -1.62997
-3.65654 -1.62658
-3.66021 -1.62318
-3.66388 -1.61978
-3.66755 -1.61638
-3.67121 -1.61298
-3.67487 -1.60957
-3.67853 -1.60617
-3.68219 -1.60276
-3.68585 -1.59935
-3.68951 -1.59595
-3.69317 -1.59253
-3.69682 -1.58912
-3.70047 -1.58571
-3.70413 -1.58229
-3.70778 -1.57888
-3.71143 -1.57546
-3.71507 -1.57204
-3.71872 -1.56862
-3.72237 -1.56519
-3.72601 -1.56177
-3.72965 -1.55834
-3.73329 -1.55492
-3.73693 -1.55149
-3.74057 -1.54806
-3.74421 -1.54463
-3.74784 -1.5412
-3.75148 -1.53776
-3.75511 -1.53433
-3.75874 -1.53089
-3.76237 -1.52745
-3.766 -1.52401
-3.76962 -1.52057
-3.77325 -1.51712
-3.77687 -1.51368
-3.7805 -1.51023
-3.78412 -1.50679
-3.78774 -1.50334
-3.79136 -1.49989
-3.79498 -1.49644
-3.79859 -1.49298
-3.80221 -1.48953
-3.80582 -1.48607
-3.80943 -1.48262
-3.81304 -1.47916
-3.81665 -1.4757
-3.82026 -1.47223
-3.82387 -1.46877
-3.82747 -1.46531
-3.83107 -1.46184
-3.83468 -1.45837
-3.83828 -1.4549
-3.84188 -1.45143
-3.84548 -1.44796
-3.84907 -1.44449
-3.85267 -1.44102
-3.85626 -1.43754
-3.85986 -1.43406
-3.86345 -1.43058
-3.86704 -1.4271
-3.87063 -1.42362
-3.87421 -1.42014
-3.8778 -1.41665
-3.88138 -1.41317
-3.88497 -1.40968
-3.88855 -1.40619
-3.89213 -1.4027
-3.89571 -1.39921
-3.89929 -1.39572
-3.90286 -1.39222
-3.90644 -1.38873
-3.91001 -1.38523
-3.91358 -1.38173
-3.91715 -1.37823
-3.92072 -1.37473
-3.92429 -1.37123
-3.92786 -1.36773
-3.93142 -1.36422
-3.93499 -1.36071
-3.93855 -1.35721
-3.94211 -1.3537
-3.94567 -1.35019
-3.94923 -1.34667
-3.95279 -1.34316
-3.95634 -1.33964
-3.9599 -1.33613
-3.96345 -1.33261
-3.967 -1.32909
-3.97055 -1.32557
-3.9741 -1.32205
-3.97765 -1.31853
-3.9812 -1.315
-3.98474 -1.31147
-3.98829 -1.30795
-3.99183 -1.30442
-3.99537 -1.30089
-3.99891 -1.29736
-4.00245 -1.29382
-4.00598 -1.29029
-4.00952 -1.28675
-4.01305 -1.28322
-4.01659 -1.27968
-4.02012 -1.27614
-4.02365 -1.2726
-4.02717 -1.26905
-4.0307 -1.26551
-4.03423 -1.26196
-4.03775 -1.25842
-4.04127 -1.25487
-4.0448 -1.25132
-4.04832 -1.24777
-4.05184 -1.24422
-4.05535 -1.24066
-4.05887 -1.23711
-4.06238 -1.23355
-4.0659 -1.23
-4.06941 -1.22644
-4.07292 -1.22288
-4.07643 -1.21931
-4.07994 -1.21575
-4.08344 -1.21219
-4.08695 -1.20862
-4.09045 -1.20505
-4.09395 -1.20149
-4.09745 -1.19792
-4.10095 -1.19434
-4.10445 -1.19077
-4.10795 -1.1872
-4.11144 -1.18362
-4.11494 -1.18005
-4.11843 -1.17647
-4.12192 -1.17289
-4.12541 -1.16931
-4.1289 -1.16573
-4.13239 -1.16214
-4.13587 -1.15856
-4.13936 -1.15497
-4.14284 -1.15138
-4.14632 -1.14779
-4.1498 -1.1442
-4.15328 -1.14061
-4.15676 -1.13702
-4.16023 -1.13343
-4.16371 -1.12983
-4.16718 -1.12623
-4.17065 -1.12263
-4.17412 -1.11903
-4.17759 -1.11543
-4.18106 -1.11183
-4.18452 -1.10823
-4.18799 -1.10462
-4.19145 -1.10102
-4.19491 -1.09741
-4.19837 -1.0938
-4.20183 -1.09019
-4.20529 -1.08658
-4.20875 -1.08296
-4.2122 -1.07935
-4.21565 -1.07573
-4.21911 -1.07212
-4.22256 -1.0685
-4.22601 -1.06488
-4.22945 -1.06126
-4.2329 -1.05763
-4.23634 -1.05401
-4.23979 -1.05038
-4.24323 -1.04676
-4.24667 -1.04313
-4.25011 -1.0395
-4.25355 -1.03587
-4.25698 -1.03224
-4.26042 -1.0286
-4.26385 -1.02497
-4.26728 -1.02133
-4.27071 -1.01769
-4.27414 -1.01405
-4.27757 -1.01041
-4.28099 -1.00677
-4.28442 -1.00313
-4.28784 -0.999485
-4.29126 -0.995839
-4.29468 -0.992192
-4.2981 -0.988544
-4.30152 -0.984894
-4.30494 -0.981243
-4.30835 -0.97759
-4.31176 -0.973936
-4.31518 -0.970281
-4.31859 -0.966624
-4.32199 -0.962966
-4.3254 -0.959307
-4.32881 -0.955646
-4.33221 -0.951984
-4.33561 -0.94832
-4.33902 -0.944655
-4.34242 -0.940989
-4.34581 -0.937321
-4.34921 -0.933652
-4.35261 -0.929982
-4.356 -0.92631
-4.35939 -0.922637
-4.36278 -0.918963
-4.36617 -0.915287
-4.36956 -0.91161
-4.37295 -0.907931
-4.37633 -0.904251
-4.37971 -0.90057
-4.3831 -0.896887
-4.38648 -0.893203
-4.38986 -0.889517
-4.39323 -0.88583
-4.39661 -0.882142
-4.39998 -0.878452
-4.40336 -0.874761
-4.40673 -0.871069
-4.4101 -0.867375
-4.41347 -0.863679
-4.41683 -0.859983
-4.4202 -0.856285
-4.42356 -0.852585
-4.42692 -0.848885
-4.43028 -0.845182
-4.43364 -0.841479
-4.437 -0.837774
-4.44036 -0.834067
-4.44371 -0.830359
-4.44706 -0.82665
-4.45041 -0.822939
-4.45376 -0.819227
-4.45711 -0.815514
-4.46046 -0.811799
-4.4638 -0.808083
-4.46715 -0.804365
-4.47049 -0.800646
-4.47383 -0.796925
-4.47717 -0.793203
-4.48051 -0.78948
-4.48384 -0.785755
-4.48717 -0.782028
-4.49051 -0.778301
-4.49384 -0.774572
-4.49717 -0.770841
-4.50049 -0.767109
-4.50382 -0.763375
-4.50714 -0.759641
-4.51047 -0.755904
-4.51379 -0.752166
-4.51711 -0.748427
-4.52042 -0.744686
-4.52374 -0.740944
-4.52706 -0.737201
-4.53037 -0.733456
-4.53368 -0.729709
-4.53699 -0.725961
-4.5403 -0.722212
-4.5436 -0.718461
-4.54691 -0.714708
-4.55021 -0.710954
-4.55351 -0.707199
-4.55681 -0.703442
-4.56011 -0.699684
-4.5634 -0.695924
-4.5667 -0.692163
-4.56999 -0.6884
-4.57328 -0.684636
-4.57657 -0.68087
-4.57986 -0.677102
-4.58314 -0.673334
-4.58643 -0.669563
-4.58971 -0.665792
-4.59299 -0.662018
-4.59627 -0.658243
-4.59955 -0.654467
-4.60282 -0.650689
-4.6061 -0.64691
-4.60937 -0.643129
-4.61264 -0.639346
-4.61591 -0.635562
-4.61917 -0.631776
-4.62244 -0.627989
-4.6257 -0.624201
-4.62896 -0.62041
-4.63222 -0.616618
-4.63548 -0.612825
-4.63873 -0.60903
-4.64199 -0.605234
-4.64524 -0.601435
-4.64849 -0.597636
-4.65174 -0.593834
-4.65498 -0.590032
-4.65823 -0.586227
-4.66147 -0.582421
-4.66471 -0.578613
-4.66795 -0.574804
-4.67118 -0.570993
-4.67442 -0.56718
-4.67765 -0.563366
-4.68088 -0.55955
-4.68411 -0.555733
-4.68734 -0.551914
-4.69057 -0.548093
-4.69379 -0.544271
-4.69701 -0.540447
-4.70023 -0.536621
-4.70345 -0.532793
-4.70666 -0.528964
-4.70987 -0.525134
-4.71309 -0.521301
-4.7163 -0.517467
-4.7195 -0.513631
-4.72271 -0.509793
-4.72591 -0.505954
-4.72911 -0.502113
-4.73231 -0.49827
-4.73551 -0.494426
-4.7387 -0.490579
-4.74189 -0.486731
-4.74508 -0.482882
-4.74827 -0.47903
-4.75146 -0.475177
-4.75464 -0.471321
-4.75783 -0.467465
-4.761 -0.463606
-4.76418 -0.459745
-4.76736 -0.455883
-4.77053 -0.452019
-4.7737 -0.448153
-4.77687 -0.444285
-4.78004 -0.440415
-4.7832 -0.436543
-4.78636 -0.43267
-4.78952 -0.428794
-4.79268 -0.424917
-4.79583 -0.421038
-4.79898 -0.417157
-4.80213 -0.413274
-4.80528 -0.409389
-4.80843 -0.405502
-4.81157 -0.401613
-4.81471 -0.397722
-4.81785 -0.393829
-4.82098 -0.389934
-4.82412 -0.386037
-4.82725 -0.382138
-4.83037 -0.378237
-4.8335 -0.374334
-4.83662 -0.370429
-4.83974 -0.366522
-4.84286 -0.362613
-4.84597 -0.358702
-4.84909 -0.354788
-4.85219 -0.350873
-4.8553 -0.346955
-4.85841 -0.343035
-4.86151 -0.339113
-4.8646 -0.335188
-4.8677 -0.331262
-4.87079 -0.327333
-4.87388 -0.323402
-4.87697 -0.319469
-4.88005 -0.315533
-4.88314 -0.311595
-4.88621 -0.307655
-4.88929 -0.303713
-4.89236 -0.299768
-4.89543 -0.29582
-4.8985 -0.291871
-4.90156 -0.287918
-4.90462 -0.283964
-4.90767 -0.280007
-4.91073 -0.276047
-4.91378 -0.272085
-4.91682 -0.26812
-4.91987 -0.264153
-4.92291 -0.260183
-4.92594 -0.25621
-4.92897 -0.252235
-4.932 -0.248257
-4.93503 -0.244276
-4.93805 -0.240293
-4.94107 -0.236307
-4.94408 -0.232318
-4.9471 -0.228326
-4.9501 -0.224331
-4.9531 -0.220333
-4.9561 -0.216332
-4.9591 -0.212329
-4.96209 -0.208322
-4.96508 -0.204312
-4.96806 -0.200299
-4.97104 -0.196283
-4.97401 -0.192263
-4.97698 -0.18824
-4.97995 -0.184214
-4.98291 -0.180185
-4.98586 -0.176152
-4.98881 -0.172115
-4.99176 -0.168075
-4.9947 -0.164031
-4.99763 -0.159984
-5.00056 -0.155933
-5.00349 -0.151878
-5.00641 -0.147819
-5.00932 -0.143756
-5.01223 -0.139689
-5.01513 -0.135618
-5.01803 -0.131542
-5.02092 -0.127462
-5.02381 -0.123378
-5.02668 -0.119289
-5.02956 -0.115196
-5.03242 -0.111097
-5.03528 -0.106994
-5.03813 -0.102886
-5.04097 -0.0987723
-5.0438 -0.0946534
-5.04663 -0.0905291
-5.04945 -0.086399
