-1.03412e-15 0.01 1.55522
0.000155734 0.0199988 1.53965
0.000467166 0.0299939 1.52407
0.000934218 0.039983 1.5085
0.00155678 0.0499636 1.49293
0.0023347 0.0599333 1.47735
0.00326778 0.0698897 1.46178
0.00435581 0.0798303 1.4462
0.00559851 0.0897528 1.43063
0.00699559 0.0996547 1.41506
0.00854671 0.109534 1.39948
0.0102515 0.119387 1.38391
0.0121095 0.129213 1.36833
0.0141204 0.139009 1.35276
0.0162835 0.148772 1.33719
0.0185984 0.158501 1.32161
0.0210646 0.168192 1.30604
0.0236813 0.177843 1.29046
0.0264481 0.187453 1.27489
0.0293642 0.197018 1.25931
0.0324289 0.206537 1.24374
0.0356414 0.216007 1.22817
0.0390011 0.225426 1.21259
0.042507 0.234791 1.19702
0.0461583 0.244101 1.18144
0.0499542 0.253352 1.16587
0.0538937 0.262543 1.1503
0.0579759 0.271672 1.13472
0.0621998 0.280736 1.11915
0.0665642 0.289734 1.10357
0.0710683 0.298662 1.088
0.0757109 0.307519 1.07243
0.0804909 0.316303 1.05685
0.085407 0.325011 1.04128
0.0904582 0.333641 1.0257
0.0956432 0.342192 1.01013
0.100961 0.350661 0.994555
0.106409 0.359046 0.978981
0.111988 0.367345 0.963407
0.117695 0.375557 0.947833
0.12353 0.383678 0.932259
0.12949 0.391708 0.916685
0.135575 0.399644 0.901111
0.141782 0.407484 0.885537
0.148111 0.415227 0.869963
0.154559 0.42287 0.854389
0.161126 0.430411 0.838815
0.167809 0.43785 0.823241
0.174608 0.445183 0.807667
0.18152 0.45241 0.792092
0.188543 0.459528 0.776518
0.195677 0.466536 0.760944
0.202919 0.473433 0.74537
0.210267 0.480215 0.729796
0.21772 0.486882 0.714222
0.225276 0.493432 0.698648
0.232933 0.499864 0.683074
0.24069 0.506176 0.6675
0.248544 0.512366 0.651926
0.256493 0.518434 0.636352
0.264535 0.524376 0.620778
0.27267 0.530193 0.605204
0.280894 0.535882 0.589629
0.289205 0.541443 0.574055
0.297602 0.546873 0.558481
0.306083 0.552172 0.542907
0.314645 0.557338 0.527333
0.323286 0.562371 0.511759
0.332005 0.567268 0.496185
0.340799 0.572029 0.480611
0.349666 0.576652 0.465037
0.358604 0.581136 0.449463
0.367611 0.585481 0.433889
0.376685 0.589685 0.418315
0.385822 0.593747 0.402741
0.395022 0.597667 0.387166
0.404282 0.601442 0.371592
0.4136 0.605073 0.356018
0.422972 0.608559 0.340444
0.432399 0.611898 0.32487
0.441875 0.61509 0.309296
0.451401 0.618134 0.293722
0.460973 0.621029 0.278148
0.470588 0.623775 0.262574
0.480246 0.62637 0.247
0.489942 0.628815 0.231426
0.499675 0.631109 0.215852
0.509443 0.633251 0.200278
0.519244 0.63524 0.184703
0.529073 0.637077 0.169129
0.538931 0.63876 0.153555
0.548813 0.640289 0.137981
0.558718 0.641665 0.122407
0.568643 0.642886 0.106833
0.578586 0.643952 0.091259
0.588545 0.644863 0.0756849
0.598516 0.64562 0.0601108
0.608498 0.64622 0.0445368
0.618488 0.646666 0.0289627
0.628484 0.646955 0.0133886
0.638483 0.647089 -0.00218548
0.648483 0.647067 -0.0177596
0.658481 0.64689 -0.0333336
0.668476 0.646556 -0.0489077
0.678464 0.646067 -0.0644818
0.688443 0.645423 -0.0800559
0.698411 0.644623 -0.0956299
0.708365 0.643669 -0.111204
0.718304 0.642559 -0.126778
0.728223 0.641294 -0.142352
0.738122 0.639876 -0.157926
0.747998 0.638303 -0.1735
0.757848 0.636577 -0.189074
0.767669 0.634697 -0.204648
0.777461 0.632665 -0.220223
0.787219 0.63048 -0.235797
0.796942 0.628144 -0.251371
0.806628 0.625657 -0.266945
0.816274 0.623019 -0.282519
0.825878 0.620231 -0.298093
0.835436 0.617294 -0.313667
0.844949 0.614209 -0.329241
0.854411 0.610976 -0.344815
0.863823 0.607595 -0.360389
0.87318 0.604069 -0.375963
0.882482 0.600397 -0.391537
0.891725 0.596581 -0.407111
0.900908 0.592622 -0.422686
0.910028 0.58852 -0.43826
0.919083 0.584276 -0.453834
0.92807 0.579892 -0.469408
0.936989 0.575368 -0.484982
0.945836 0.570706 -0.500556
0.954609 0.565907 -0.51613
0.963306 0.560972 -0.531704
0.971926 0.555902 -0.547278
0.980465 0.550698 -0.562852
0.988922 0.545362 -0.578426
0.997296 0.539895 -0.594
1.00558 0.534298 -0.609574
1.01378 0.528573 -0.625149
1.02189 0.522721 -0.640723
1.02991 0.516743 -0.656297
1.03783 0.510641 -0.671871
1.04566 0.504417 -0.687445
1.05338 0.498071 -0.703019
1.06101 0.491606 -0.718593
1.06854 0.485023 -0.734167
1.07597 0.478323 -0.749741
1.08328 0.471509 -0.765315
1.0905 0.464581 -0.780889
1.0976 0.457542 -0.796463
1.10459 0.450393 -0.812037
1.11147 0.443136 -0.827612
1.11824 0.435773 -0.843186
1.12489 0.428305 -0.85876
1.13142 0.420735 -0.874334
1.13784 0.413064 -0.889908
1.14413 0.405294 -0.905482
1.1503 0.397426 -0.921056
1.15635 0.389464 -0.93663
1.16228 0.381408 -0.952204
1.16808 0.373261 -0.967778
1.17375 0.365025 -0.983352
1.17929 0.356701 -0.998926
1.1847 0.348293 -1.0145
1.18998 0.3398 -1.03007
1.19513 0.331227 -1.04565
1.20015 0.322574 -1.06122
1.20502 0.313845 -1.0768
1.20977 0.30504 -1.09237
1.21437 0.296163 -1.10794
1.21883 0.287215 -1.12352
1.22316 0.278199 -1.13909
1.22734 0.269117 -1.15467
1.23139 0.25997 -1.17024
1.23528 0.250762 -1.18582
1.23904 0.241494 -1.20139
1.24265 0.232168 -1.21696
1.24612 0.222788 -1.23254
1.24943 0.213354 -1.24811
1.25261 0.20387 -1.26369
1.25563 0.194338 -1.27926
1.2585 0.18476 -1.29483
1.26123 0.175139 -1.31041
1.2638 0.165476 -1.32598
1.26623 0.155774 -1.34156
1.2685 0.146035 -1.35713
1.27062 0.136263 -1.3727
1.27259 0.126458 -1.38828
1.2744 0.116625 -1.40385
1.27606 0.106764 -1.41943
1.27757 0.0968779 -1.435
1.27893 0.08697 -1.45057
1.28012 0.0770422 -1.46615
1.28117 0.0670969 -1.48172
1.28206 0.0571365 -1.4973
1.28279 0.0471635 -1.51287
1.28337 0.0371803 -1.52845
1.2838 0.0271893 -1.54402
1.28406 0.0171928 -1.55959
1.28417 0.00719346 -1.57517
1.28413 -0.00280644 -1.59074
1.28393 -0.0128045 -1.60632
1.28358 -0.0227981 -1.62189
1.28307 -0.0327851 -1.63746
1.2824 -0.0427629 -1.65304
1.28158 -0.0527291 -1.66861
1.2806 -0.0626813 -1.68419
1.27947 -0.0726171 -1.69976
1.27818 -0.082534 -1.71533
1.27674 -0.0924297 -1.73091
1.27515 -0.102302 -1.74648
1.2734 -0.112148 -1.76206
1.2715 -0.121966 -1.77763
1.26945 -0.131752 -1.7932
1.26724 -0.141506 -1.80878
1.26488 -0.151224 -1.82435
1.26238 -0.160905 -1.83993
1.25972 -0.170545 -1.8555
1.25691 -0.180142 -1.87107
1.25395 -0.189695 -1.88665
1.25084 -0.1992 -1.90222
1.24759 -0.208656 -1.9178
1.24419 -0.21806 -1.93337
1.24064 -0.227409 -1.94895
1.23695 -0.236703 -1.96452
1.23311 -0.245938 -1.98009
1.22913 -0.255112 -1.99567
1.22501 -0.264223 -2.01124
1.22075 -0.273268 -2.02682
1.21634 -0.282247 -2.04239
1.2118 -0.291155 -2.05796
1.20712 -0.299992 -2.07354
1.2023 -0.308754 -2.08911
1.19735 -0.317441 -2.10469
1.19226 -0.326049 -2.12026
1.18704 -0.334577 -2.13583
1.18168 -0.343023 -2.15141
1.1762 -0.351384 -2.16698
1.17058 -0.359659 -2.18256
1.16484 -0.367845 -2.19813
1.15897 -0.375941 -2.2137
1.15297 -0.383945 -2.22928
1.14685 -0.391854 -2.24485
1.14061 -0.399667 -2.26043
1.13425 -0.407382 -2.276
1.12777 -0.414997 -2.29157
1.12117 -0.42251 -2.30715
1.11445 -0.429919 -2.32272
1.10762 -0.437223 -2.3383
1.10068 -0.444419 -2.35387
1.09362 -0.451507 -2.36945
1.08646 -0.458483 -2.38502
1.07919 -0.465348 -2.40059
1.07181 -0.472098 -2.41617
1.06433 -0.478732 -2.43174
1.05674 -0.48525 -2.44732
1.04906 -0.491648 -2.46289
1.04127 -0.497926 -2.47846
1.03339 -0.504082 -2.49404
1.02542 -0.510114 -2.50961
1.01735 -0.516021 -2.52519
1.00919 -0.521803 -2.54076
1.00094 -0.527456 -2.55633
0.992606 -0.53298 -2.57191
0.984185 -0.538374 -2.58748
0.975682 -0.543635 -2.60306
0.967097 -0.548764 -2.61863
0.958434 -0.553759 -2.6342
0.949694 -0.558618 -2.64978
0.940879 -0.56334 -2.66535
0.931992 -0.567924 -2.68093
0.923034 -0.57237 -2.6965
0.914008 -0.576675 -2.71207
0.904917 -0.58084 -2.72765
0.895761 -0.584862 -2.74322
0.886544 -0.588741 -2.7588
0.877268 -0.592476 -2.77437
0.867935 -0.596066 -2.78995
0.858547 -0.599511 -2.80552
0.849106 -0.602809 -2.82109
0.839615 -0.605959 -2.83667
0.830077 -0.608961 -2.85224
0.820492 -0.611815 -2.86782
0.810865 -0.614518 -2.88339
0.801196 -0.617072 -2.89896
0.791489 -0.619474 -2.91454
0.781746 -0.621725 -2.93011
0.771969 -0.623824 -2.94569
0.76216 -0.625771 -2.96126
0.752322 -0.627565 -2.97683
0.742457 -0.629205 -2.99241
0.732568 -0.630691 -3.00798
0.722658 -0.632023 -3.02356
0.712727 -0.633201 -3.03913
0.70278 -0.634224 -3.0547
0.692817 -0.635091 -3.07028
0.682843 -0.635804 -3.08585
0.672858 -0.636361 -3.10143
0.662866 -0.636763 -3.117
0.652869 -0.637008 -3.13258
0.64287 -0.637099 -3.14815
0.63287 -0.637033 -3.16372
0.622872 -0.636812 -3.1793
0.61288 -0.636435 -3.19487
0.602894 -0.635902 -3.21045
0.592917 -0.635214 -3.22602
0.582953 -0.634371 -3.24159
0.573003 -0.633373 -3.25717
0.56307 -0.63222 -3.27274
0.553156 -0.630912 -3.28832
0.543263 -0.62945 -3.30389
0.533394 -0.627834 -3.31946
0.523552 -0.626065 -3.33504
0.513739 -0.624142 -3.35061
0.503956 -0.622067 -3.36619
0.494208 -0.61984 -3.38176
0.484495 -0.617461 -3.39733
0.47482 -0.614932 -3.41291
0.465186 -0.612252 -3.42848
0.455594 -0.609422 -3.44406
0.446048 -0.606443 -3.45963
0.43655 -0.603316 -3.4752
0.427101 -0.600042 -3.49078
0.417705 -0.59662 -3.50635
0.408363 -0.593053 -3.52193
0.399077 -0.589341 -3.5375
0.389851 -0.585484 -3.55308
0.380685 -0.581485 -3.56865
0.371584 -0.577343 -3.58422
0.362547 -0.57306 -3.5998
0.353579 -0.568636 -3.61537
0.34468 -0.564074 -3.63095
0.335854 -0.559373 -3.64652
0.327102 -0.554536 -3.66209
0.318426 -0.549563 -3.67767
0.309829 -0.544455 -3.69324
0.301312 -0.539214 -3.70882
0.292878 -0.533841 -3.72439
0.284529 -0.528337 -3.73996
0.276266 -0.522704 -3.75554
0.268093 -0.516943 -3.77111
0.26001 -0.511056 -3.78669
0.252019 -0.505043 -3.80226
0.244123 -0.498907 -3.81783
0.236324 -0.492648 -3.83341
0.228623 -0.486269 -3.84898
0.221022 -0.47977 -3.86456
0.213524 -0.473154 -3.88013
0.206129 -0.466422 -3.8957
0.198841 -0.459576 -3.91128
0.191659 -0.452617 -3.92685
0.184587 -0.445546 -3.94243
0.177626 -0.438367 -3.958
0.170778 -0.43108 -3.97358
0.164044 -0.423687 -3.98915
0.157426 -0.416191 -4.00472
0.150925 -0.408592 -4.0203
0.144543 -0.400893 -4.03587
0.138283 -0.393095 -4.05145
0.132144 -0.385201 -4.06702
0.126129 -0.377212 -4.08259
0.120239 -0.369131 -4.09817
0.114476 -0.360959 -4.11374
0.108841 -0.352698 -4.12932
0.103335 -0.34435 -4.14489
0.0979597 -0.335917 -4.16046
0.0927164 -0.327402 -4.17604
0.0876064 -0.318806 -4.19161
0.0826308 -0.310132 -4.20719
0.077791 -0.301381 -4.22276
0.073088 -0.292556 -4.23833
0.068523 -0.283659 -4.25391
0.0640972 -0.274692 -4.26948
0.0598115 -0.265657 -4.28506
0.055667 -0.256556 -4.30063
0.0516648 -0.247392 -4.3162
0.0478058 -0.238166 -4.33178
0.0440909 -0.228882 -4.34735
0.0405211 -0.219541 -4.36293
0.0370972 -0.210145 -4.3785
0.03382 -0.200698 -4.39408
0.0306904 -0.1912 -4.40965
0.027709 -0.181655 -4.42522
0.0248766 -0.172064 -4.4408
0.022194 -0.162431 -4.45637
0.0196617 -0.152757 -4.47195
0.0172804 -0.143044 -4.48752
0.0150506 -0.133296 -4.50309
0.0129729 -0.123514 -4.51867
0.0110478 -0.113701 -4.53424
0.00927569 -0.10386 -4.54982
0.00765711 -0.0939915 -4.56539
0.00619241 -0.0840994 -4.58096
0.00488194 -0.0741856 -4.59654
0.00372602 -0.0642526 -4.61211
0.00272494 -0.0543029 -4.62769
0.00187892 -0.0443387 -4.64326
0.00118819 -0.0343626 -4.65883
0.000652902 -0.0243769 -4.67441
0.00027319 -0.0143841 -4.68998
4.91463e-05 -0.00438665 -4.70556
-1.9175e-05 0.00561312 -4.72113
6.82429e-05 0.0156127 -4.7367
0.000311379 0.0256098 -4.75228
0.000710173 0.0356018 -4.76785
0.00126453 0.0455864 -4.78343
0.00197432 0.0555612 -4.799
0.00283936 0.0655237 -4.81458
0.00385944 0.0754716 -4.83015
0.00503433 0.0854023 -4.84572
0.00636372 0.0953136 -4.8613
0.00784731 0.105203 -4.87687
0.00948473 0.115068 -4.89245
0.0112756 0.124906 -4.90802
0.0132194 0.134716 -4.92359
0.0153158 0.144493 -4.93917
0.0175642 0.154237 -4.95474
0.0199641 0.163945 -4.97032
0.0225149 0.173614 -4.98589
0.0252159 0.183243 -5.00146
0.0280666 0.192828 -5.01704
0.0310662 0.202367 -5.03261
0.0342139 0.211859 -5.04819
0.0375092 0.2213 -5.06376
0.040951 0.230689 -5.07933
0.0445387 0.240024 -5.09491
0.0482713 0.249301 -5.11048
0.0521479 0.258519 -5.12606
0.0561676 0.267675 -5.14163
0.0603294 0.276768 -5.15721
0.0646323 0.285795 -5.17278
0.0690753 0.294754 -5.18835
0.0736573 0.303642 -5.20393
0.0783771 0.312458 -5.2195
0.0832337 0.3212 -5.23508
0.0882257 0.329865 -5.25065
0.0933522 0.338451 -5.26622
0.0986117 0.346956 -5.2818
0.104003 0.355378 -5.29737
0.109525 0.363715 -5.31295
0.115176 0.371966 -5.32852
0.120955 0.380127 -5.34409
0.12686 0.388197 -5.35967
0.13289 0.396174 -5.37524
0.139044 0.404057 -5.39082
0.14532 0.411842 -5.40639
0.151716 0.419529 -5.42196
0.158231 0.427116 -5.43754
0.164863 0.4346 -5.45311
0.171611 0.441979 -5.46869
0.178474 0.449253 -5.48426
0.185449 0.456419 -5.49983
0.192534 0.463476 -5.51541
0.199729 0.470421 -5.53098
0.207031 0.477254 -5.54656
0.214438 0.483972 -5.56213
0.221949 0.490573 -5.57771
0.229562 0.497057 -5.59328
0.237275 0.503422 -5.60885
0.245086 0.509666 -5.62443
0.252994 0.515787 -5.64
0.260996 0.521785 -5.65558
0.26909 0.527657 -5.67115
0.277275 0.533402 -5.68672
0.285548 0.539019 -5.7023
0.293908 0.544507 -5.71787
0.302352 0.549864 -5.73345
0.310879 0.555088 -5.74902
0.319486 0.56018 -5.76459
0.328171 0.565136 -5.78017
0.336932 0.569957 -5.79574
0.345768 0.574641 -5.81132
0.354675 0.579186 -5.82689
0.363652 0.583592 -5.84246
0.372696 0.587858 -5.85804
0.381806 0.591983 -5.87361
0.390979 0.595965 -5.88919
0.400213 0.599804 -5.90476
0.409505 0.603498 -5.92033
0.418854 0.607048 -5.93591
0.428257 0.610451 -5.95148
0.437712 0.613708 -5.96706
0.447216 0.616817 -5.98263
0.456768 0.619777 -5.99821
0.466365 0.622588 -6.01378
0.476004 0.62525 -6.02935
0.485684 0.627761 -6.04493
0.495401 0.630121 -6.0605
0.505154 0.63233 -6.07608
0.514941 0.634386 -6.09165
0.524758 0.63629 -6.10722
0.534603 0.63804 -6.1228
0.544475 0.639637 -6.13837
0.55437 0.64108 -6.15395
0.564287 0.642369 -6.16952
0.574222 0.643503 -6.18509
0.584174 0.644483 -6.20067
0.59414 0.645307 -6.21624
0.604118 0.645976 -6.23182
0.614105 0.646489 -6.24739
0.624098 0.646847 -6.26296
0.634096 0.647049 -6.27854
0.644096 0.647096 -6.29411
