-1.03412e-15 0.01 1.56502
5.77215e-05 0.0199998 1.55925
0.000173163 0.0299992 1.55348
0.00034632 0.0399977 1.54771
0.000577187 0.049995 1.54194
0.000865756 0.0599908 1.53616
0.00121202 0.0699848 1.53039
0.00161596 0.0799767 1.52462
0.00207757 0.089966 1.51885
0.00259683 0.0999525 1.51307
0.00317373 0.109936 1.5073
0.00380825 0.119916 1.50153
0.00450036 0.129892 1.49576
0.00525004 0.139864 1.48999
0.00605726 0.149831 1.48421
0.00692201 0.159794 1.47844
0.00784425 0.169751 1.47267
0.00882394 0.179703 1.4669
0.00986107 0.189649 1.46112
0.0109556 0.199589 1.45535
0.0121075 0.209522 1.44958
0.0133167 0.219449 1.44381
0.0145831 0.229368 1.43804
0.0159068 0.23928 1.43226
0.0172877 0.249185 1.42649
0.0187258 0.259081 1.42072
0.0202209 0.268968 1.41495
0.0217731 0.278847 1.40918
0.0233823 0.288717 1.4034
0.0250484 0.298577 1.39763
0.0267714 0.308427 1.39186
0.0285513 0.318268 1.38609
0.0303879 0.328098 1.38031
0.0322812 0.337917 1.37454
0.0342312 0.347725 1.36877
0.0362377 0.357521 1.363
0.0383008 0.367306 1.35723
0.0404203 0.377079 1.35145
0.0425962 0.386839 1.34568
0.0448284 0.396587 1.33991
0.0471168 0.406322 1.33414
0.0494614 0.416043 1.32836
0.051862 0.425751 1.32259
0.0543186 0.435444 1.31682
0.0568312 0.445123 1.31105
0.0593996 0.454788 1.30528
0.0620237 0.464437 1.2995
0.0647034 0.474072 1.29373
0.0674388 0.48369 1.28796
0.0702296 0.493293 1.28219
0.0730758 0.502879 1.27641
0.0759773 0.512449 1.27064
0.0789339 0.522002 1.26487
0.0819457 0.531538 1.2591
0.0850124 0.541056 1.25333
0.0881341 0.550556 1.24755
0.0913105 0.560038 1.24178
0.0945416 0.569502 1.23601
0.0978273 0.578947 1.23024
0.101167 0.588372 1.22447
0.104562 0.597779 1.21869
0.108011 0.607165 1.21292
0.111514 0.616532 1.20715
0.11507 0.625878 1.20138
0.118681 0.635203 1.1956
0.122346 0.644507 1.18983
0.126064 0.65379 1.18406
0.129835 0.663052 1.17829
0.133661 0.672291 1.17252
0.137539 0.681509 1.16674
0.14147 0.690703 1.16097
0.145455 0.699875 1.1552
0.149492 0.709024 1.14943
0.153582 0.718149 1.14365
0.157725 0.727251 1.13788
0.16192 0.736328 1.13211
0.166168 0.745382 1.12634
0.170467 0.75441 1.12057
0.174819 0.763413 1.11479
0.179223 0.772392 1.10902
0.183678 0.781344 1.10325
0.188185 0.790271 1.09748
0.192744 0.799172 1.0917
0.197353 0.808046 1.08593
0.202014 0.816893 1.08016
0.206726 0.825714 1.07439
0.211489 0.834507 1.06862
0.216302 0.843272 1.06284
0.221166 0.852009 1.05707
0.22608 0.860718 1.0513
0.231045 0.869399 1.04553
0.236059 0.878051 1.03976
0.241123 0.886674 1.03398
0.246237 0.895267 1.02821
0.251401 0.903831 1.02244
0.256614 0.912365 1.01667
0.261876 0.920868 1.01089
0.267187 0.929342 1.00512
0.272547 0.937784 0.99935
0.277955 0.946195 0.993578
0.283412 0.954575 0.987806
0.288917 0.962923 0.982033
0.294471 0.971239 0.976261
0.300072 0.979523 0.970489
0.305721 0.987775 0.964717
0.311417 0.995994 0.958945
0.317161 1.00418 0.953172
0.322952 1.01233 0.9474
0.32879 1.02045 0.941628
0.334675 1.02854 0.935856
0.340606 1.03659 0.930084
0.346584 1.0446 0.924312
0.352608 1.05259 0.918539
0.358678 1.06053 0.912767
0.364793 1.06845 0.906995
0.370954 1.07632 0.901223
0.377161 1.08416 0.895451
0.383413 1.09197 0.889678
0.389709 1.09974 0.883906
0.39605 1.10747 0.878134
0.402436 1.11516 0.872362
0.408867 1.12282 0.86659
0.415341 1.13044 0.860817
0.421859 1.13803 0.855045
0.428421 1.14557 0.849273
0.435026 1.15308 0.843501
0.441675 1.16055 0.837729
0.448366 1.16798 0.831957
0.455101 1.17538 0.826184
0.461877 1.18273 0.820412
0.468697 1.19004 0.81464
0.475558 1.19732 0.808868
0.482461 1.20455 0.803096
0.489406 1.21175 0.797323
0.496392 1.2189 0.791551
0.50342 1.22602 0.785779
0.510488 1.23309 0.780007
0.517597 1.24012 0.774235
0.524747 1.24712 0.768463
0.531936 1.25407 0.76269
0.539166 1.26097 0.756918
0.546436 1.26784 0.751146
0.553745 1.27467 0.745374
0.561093 1.28145 0.739602
0.568481 1.28819 0.733829
0.575907 1.29489 0.728057
0.583371 1.30154 0.722285
0.590874 1.30815 0.716513
0.598415 1.31472 0.710741
0.605994 1.32124 0.704968
0.61361 1.32772 0.699196
0.621264 1.33416 0.693424
0.628955 1.34055 0.687652
0.636682 1.3469 0.68188
0.644446 1.3532 0.676108
0.652246 1.35946 0.670335
0.660082 1.36567 0.664563
0.667954 1.37184 0.658791
0.675861 1.37796 0.653019
0.683804 1.38403 0.647247
0.691781 1.39006 0.641474
0.699794 1.39605 0.635702
0.70784 1.40199 0.62993
0.715921 1.40788 0.624158
0.724035 1.41372 0.618386
0.732184 1.41952 0.612613
0.740365 1.42527 0.606841
0.74858 1.43097 0.601069
0.756827 1.43663 0.595297
0.765107 1.44223 0.589525
0.773419 1.44779 0.583753
0.781763 1.45331 0.57798
0.790138 1.45877 0.572208
0.798545 1.46418 0.566436
0.806984 1.46955 0.560664
0.815453 1.47487 0.554892
0.823952 1.48014 0.549119
0.832482 1.48536 0.543347
0.841042 1.49053 0.537575
0.849631 1.49565 0.531803
0.85825 1.50072 0.526031
0.866898 1.50574 0.520259
0.875575 1.51071 0.514486
0.884281 1.51563 0.508714
0.893015 1.5205 0.502942
0.901776 1.52532 0.49717
0.910566 1.53009 0.491398
0.919382 1.53481 0.485625
0.928226 1.53948 0.479853
0.937097 1.54409 0.474081
0.945994 1.54866 0.468309
0.954917 1.55317 0.462537
0.963866 1.55763 0.456764
0.972841 1.56204 0.450992
0.981841 1.5664 0.44522
0.990867 1.57071 0.439448
0.999916 1.57496 0.433676
1.00899 1.57917 0.427904
1.01809 1.58332 0.422131
1.02721 1.58741 0.416359
1.03636 1.59146 0.410587
1.04553 1.59545 0.404815
1.05472 1.59939 0.399043
1.06393 1.60327 0.39327
1.07317 1.6071 0.387498
1.08243 1.61088 0.381726
1.09171 1.61461 0.375954
1.10101 1.61828 0.370182
1.11033 1.6219 0.36441
1.11967 1.62546 0.358637
1.12904 1.62897 0.352865
1.13842 1.63243 0.347093
1.14783 1.63583 0.341321
1.15725 1.63918 0.335549
1.16669 1.64247 0.329776
1.17615 1.64571 0.324004
1.18563 1.64889 0.318232
1.19513 1.65202 0.31246
1.20465 1.65509 0.306688
1.21418 1.65811 0.300915
1.22373 1.66108 0.295143
1.2333 1.66399 0.289371
1.24288 1.66684 0.283599
1.25248 1.66964 0.277827
1.2621 1.67238 0.272055
1.27173 1.67507 0.266282
1.28138 1.6777 0.26051
1.29104 1.68027 0.254738
1.30072 1.68279 0.248966
1.31041 1.68526 0.243194
1.32012 1.68767 0.237421
1.32984 1.69002 0.231649
1.33957 1.69231 0.225877
1.34931 1.69455 0.220105
1.35907 1.69674 0.214333
1.36884 1.69886 0.20856
1.37863 1.70093 0.202788
1.38842 1.70295 0.197016
1.39823 1.70491 0.191244
1.40805 1.70681 0.185472
1.41788 1.70865 0.1797
1.42771 1.71044 0.173927
1.43756 1.71217 0.168155
1.44742 1.71384 0.162383
1.45729 1.71546 0.156611
1.46717 1.71702 0.150839
1.47706 1.71852 0.145066
1.48695 1.71997 0.139294
1.49685 1.72136 0.133522
1.50676 1.72269 0.12775
1.51668 1.72396 0.121978
1.52661 1.72518 0.116206
1.53654 1.72634 0.110433
1.54648 1.72744 0.104661
1.55643 1.72848 0.098889
1.56638 1.72947 0.0931168
1.57633 1.7304 0.0873446
1.5863 1.73127 0.0815724
1.59626 1.73209 0.0758002
1.60623 1.73285 0.070028
1.61621 1.73354 0.0642558
1.62619 1.73419 0.0584837
1.63617 1.73477 0.0527115
1.64616 1.7353 0.0469393
1.65615 1.73577 0.0411671
1.66614 1.73618 0.0353949
1.67613 1.73653 0.0296227
1.68613 1.73683 0.0238505
1.69612 1.73707 0.0180784
1.70612 1.73725 0.0123062
1.71612 1.73737 0.00653399
1.72612 1.73744 0.0007618
1.73612 1.73744 -0.00501039
1.74612 1.73739 -0.0107826
1.75612 1.73729 -0.0165548
1.76612 1.73712 -0.0223269
1.77612 1.7369 -0.0280991
1.78611 1.73662 -0.0338713
1.79611 1.73628 -0.0396435
1.8061 1.73588 -0.0454157
1.81609 1.73543 -0.0511879
1.82608 1.73492 -0.0569601
1.83606 1.73435 -0.0627322
1.84604 1.73372 -0.0685044
1.85602 1.73304 -0.0742766
1.86599 1.73229 -0.0800488
1.87596 1.73149 -0.085821
1.88592 1.73064 -0.0915932
1.89588 1.72972 -0.0973654
1.90583 1.72875 -0.103138
1.91578 1.72772 -0.10891
1.92572 1.72663 -0.114682
1.93565 1.72549 -0.120454
1.94558 1.72429 -0.126226
1.9555 1.72303 -0.131998
1.96541 1.72171 -0.137771
1.97532 1.72034 -0.143543
1.98522 1.71891 -0.149315
1.9951 1.71742 -0.155087
2.00498 1.71588 -0.160859
2.01486 1.71427 -0.166632
2.02472 1.71262 -0.172404
2.03457 1.7109 -0.178176
2.04441 1.70913 -0.183948
2.05424 1.7073 -0.18972
2.06406 1.70541 -0.195493
2.07387 1.70347 -0.201265
2.08367 1.70147 -0.207037
2.09346 1.69942 -0.212809
2.10323 1.6973 -0.218581
2.11299 1.69514 -0.224353
2.12274 1.69291 -0.230126
2.13248 1.69063 -0.235898
2.1422 1.68829 -0.24167
2.15191 1.6859 -0.247442
2.16161 1.68345 -0.253214
2.17129 1.68094 -0.258987
2.18095 1.67838 -0.264759
2.19061 1.67577 -0.270531
2.20024 1.67309 -0.276303
2.20986 1.67037 -0.282075
2.21947 1.66758 -0.287847
2.22906 1.66474 -0.29362
2.23863 1.66185 -0.299392
2.24818 1.6589 -0.305164
2.25772 1.6559 -0.310936
2.26724 1.65284 -0.316708
2.27674 1.64972 -0.322481
2.28623 1.64655 -0.328253
2.2957 1.64333 -0.334025
2.30514 1.64005 -0.339797
2.31457 1.63672 -0.345569
2.32398 1.63333 -0.351342
2.33337 1.62989 -0.357114
2.34274 1.62639 -0.362886
2.35209 1.62284 -0.368658
2.36141 1.61924 -0.37443
2.37072 1.61558 -0.380202
2.38001 1.61187 -0.385975
2.38927 1.60811 -0.391747
2.39851 1.60429 -0.397519
2.40773 1.60042 -0.403291
2.41693 1.59649 -0.409063
2.42611 1.59252 -0.414836
2.43526 1.58848 -0.420608
2.44439 1.5844 -0.42638
2.45349 1.58027 -0.432152
2.46257 1.57608 -0.437924
2.47163 1.57184 -0.443697
2.48066 1.56754 -0.449469
2.48967 1.5632 -0.455241
2.49865 1.5588 -0.461013
2.50761 1.55435 -0.466785
2.51654 1.54985 -0.472557
2.52544 1.5453 -0.47833
2.53432 1.5407 -0.484102
2.54317 1.53605 -0.489874
2.55199 1.53134 -0.495646
2.56079 1.52658 -0.501418
2.56956 1.52178 -0.507191
2.5783 1.51692 -0.512963
2.58701 1.51201 -0.518735
2.5957 1.50705 -0.524507
2.60435 1.50205 -0.530279
2.61298 1.49699 -0.536051
2.62158 1.49188 -0.541824
2.63014 1.48672 -0.547596
2.63868 1.48152 -0.553368
2.64719 1.47626 -0.55914
2.65567 1.47096 -0.564912
2.66411 1.4656 -0.570685
2.67253 1.4602 -0.576457
2.68091 1.45475 -0.582229
2.68926 1.44925 -0.588001
2.69758 1.44371 -0.593773
2.70587 1.43811 -0.599546
2.71413 1.43247 -0.605318
2.72235 1.42678 -0.61109
2.73054 1.42104 -0.616862
2.7387 1.41526 -0.622634
2.74682 1.40942 -0.628406
2.75491 1.40355 -0.634179
2.76297 1.39762 -0.639951
2.77099 1.39165 -0.645723
2.77898 1.38563 -0.651495
2.78693 1.37957 -0.657267
2.79484 1.37346 -0.66304
2.80273 1.3673 -0.668812
2.81057 1.3611 -0.674584
2.81838 1.35486 -0.680356
2.82615 1.34857 -0.686128
2.83389 1.34223 -0.6919
2.84159 1.33585 -0.697673
2.84926 1.32943 -0.703445
2.85688 1.32296 -0.709217
2.86447 1.31644 -0.714989
2.87202 1.30989 -0.720761
2.87953 1.30329 -0.726534
2.88701 1.29665 -0.732306
2.89445 1.28996 -0.738078
2.90184 1.28323 -0.74385
2.9092 1.27646 -0.749622
2.91652 1.26965 -0.755395
2.9238 1.26279 -0.761167
2.93104 1.25589 -0.766939
2.93824 1.24895 -0.772711
2.9454 1.24197 -0.778483
2.95252 1.23495 -0.784255
2.9596 1.22789 -0.790028
2.96664 1.22078 -0.7958
2.97364 1.21364 -0.801572
2.98059 1.20646 -0.807344
2.98751 1.19923 -0.813116
2.99438 1.19197 -0.818889
3.00121 1.18466 -0.824661
3.008 1.17732 -0.830433
3.01474 1.16994 -0.836205
3.02145 1.16252 -0.841977
3.02811 1.15506 -0.84775
3.03472 1.14756 -0.853522
3.0413 1.14002 -0.859294
3.04783 1.13245 -0.865066
3.05431 1.12484 -0.870838
3.06075 1.11719 -0.87661
3.06715 1.1095 -0.882383
3.0735 1.10178 -0.888155
3.07981 1.09402 -0.893927
3.08608 1.08623 -0.899699
3.09229 1.0784 -0.905471
3.09847 1.07053 -0.911244
3.10459 1.06263 -0.917016
3.11068 1.05469 -0.922788
3.11671 1.04671 -0.92856
3.1227 1.03871 -0.934332
3.12865 1.03066 -0.940104
3.13454 1.02259 -0.945877
3.14039 1.01448 -0.951649
3.1462 1.00633 -0.957421
3.15195 0.998158 -0.963193
3.15766 0.989948 -0.968965
3.16332 0.981705 -0.974738
3.16894 0.973429 -0.98051
3.1745 0.965121 -0.986282
3.18002 0.956781 -0.992054
3.18549 0.94841 -0.997826
3.19091 0.940007 -1.0036
3.19629 0.931573 -1.00937
3.20161 0.923108 -1.01514
3.20688 0.914612 -1.02092
3.21211 0.906087 -1.02669
3.21729 0.897531 -1.03246
3.22241 0.888945 -1.03823
3.22749 0.88033 -1.044
3.23252 0.871686 -1.04978
3.2375 0.863013 -1.05555
3.24242 0.854311 -1.06132
3.2473 0.845581 -1.06709
3.25213 0.836823 -1.07286
3.2569 0.828037 -1.07864
3.26163 0.819224 -1.08441
3.2663 0.810384 -1.09018
3.27093 0.801517 -1.09595
3.2755 0.792623 -1.10173
3.28002 0.783703 -1.1075
3.28449 0.774757 -1.11327
3.28891 0.765786 -1.11904
3.29327 0.756789 -1.12481
3.29758 0.747767 -1.13059
3.30185 0.73872 -1.13636
3.30606 0.729649 -1.14213
3.31021 0.720554 -1.1479
3.31432 0.711435 -1.15368
3.31837 0.702293 -1.15945
3.32237 0.693127 -1.16522
3.32631 0.683938 -1.17099
3.3302 0.674727 -1.17676
3.33404 0.665493 -1.18254
3.33783 0.656237 -1.18831
3.34156 0.64696 -1.19408
3.34524 0.637661 -1.19985
3.34886 0.628341 -1.20563
3.35244 0.619001 -1.2114
3.35595 0.609639 -1.21717
3.35942 0.600258 -1.22294
3.36282 0.590857 -1.22871
3.36618 0.581437 -1.23449
3.36948 0.571997 -1.24026
3.37272 0.562538 -1.24603
3.37592 0.553061 -1.2518
3.37905 0.543565 -1.25757
3.38213 0.534052 -1.26335
3.38516 0.524521 -1.26912
3.38813 0.514972 -1.27489
3.39105 0.505407 -1.28066
3.39391 0.495825 -1.28644
3.39671 0.486227 -1.29221
3.39946 0.476612 -1.29798
3.40216 0.466982 -1.30375
3.4048 0.457336 -1.30952
3.40738 0.447676 -1.3153
3.40991 0.438 -1.32107
3.41238 0.428311 -1.32684
3.41479 0.418607 -1.33261
3.41715 0.408889 -1.33839
3.41946 0.399158 -1.34416
3.4217 0.389414 -1.34993
3.42389 0.379657 -1.3557
3.42603 0.369887 -1.36147
3.42811 0.360105 -1.36725
3.43013 0.350312 -1.37302
3.43209 0.340507 -1.37879
3.434 0.33069 -1.38456
3.43585 0.320863 -1.39033
3.43765 0.311026 -1.39611
3.43938 0.301178 -1.40188
3.44107 0.29132 -1.40765
3.44269 0.281453 -1.41342
3.44426 0.271577 -1.4192
3.44577 0.261691 -1.42497
3.44722 0.251797 -1.43074
3.44862 0.241895 -1.43651
3.44996 0.231985 -1.44228
3.45124 0.222068 -1.44806
3.45246 0.212143 -1.45383
3.45363 0.202211 -1.4596
3.45474 0.192273 -1.46537
3.45579 0.182329 -1.47115
3.45679 0.172378 -1.47692
3.45772 0.162422 -1.48269
3.4586 0.152461 -1.48846
3.45942 0.142495 -1.49423
3.46019 0.132524 -1.50001
3.4609 0.122549 -1.50578
3.46155 0.11257 -1.51155
3.46214 0.102588 -1.51732
3.46267 0.0926023 -1.5231
3.46315 0.0826137 -1.52887
3.46357 0.0726225 -1.53464
3.46393 0.062629 -1.54041
3.46423 0.0526336 -1.54618
3.46448 0.0426366 -1.55196
3.46467 0.0326384 -1.55773
3.4648 0.0226393 -1.5635
3.46487 0.0126395 -1.56927
3.46489 0.00263955 -1.57504
3.46485 -0.00736036 -1.56927
3.46486 -0.0173603 -1.5635
3.46493 -0.0273601 -1.55773
3.46506 -0.0373592 -1.55196
3.46525 -0.0473575 -1.54618
3.4655 -0.0573544 -1.54041
3.4658 -0.0673498 -1.53464
3.46616 -0.0773433 -1.52887
3.46658 -0.0873345 -1.5231
3.46706 -0.0973231 -1.51732
3.46759 -0.107309 -1.51155
3.46819 -0.117291 -1.50578
3.46884 -0.12727 -1.50001
3.46954 -0.137245 -1.49423
3.47031 -0.147216 -1.48846
3.47113 -0.157182 -1.48269
3.47201 -0.167143 -1.47692
3.47295 -0.177099 -1.47115
3.47394 -0.187049 -1.46537
3.475 -0.196994 -1.4596
3.47611 -0.206932 -1.45383
3.47727 -0.216864 -1.44806
3.4785 -0.226789 -1.44228
3.47978 -0.236706 -1.43651
3.48112 -0.246616 -1.43074
3.48251 -0.256518 -1.42497
3.48397 -0.266412 -1.4192
3.48548 -0.276297 -1.41342
3.48704 -0.286174 -1.40765
3.48867 -0.296041 -1.40188
3.49035 -0.305899 -1.39611
3.49209 -0.315747 -1.39033
3.49388 -0.325584 -1.38456
3.49573 -0.335411 -1.37879
3.49764 -0.345227 -1.37302
3.49961 -0.355033 -1.36725
3.50163 -0.364826 -1.36147
3.50371 -0.374608 -1.3557
3.50584 -0.384377 -1.34993
3.50803 -0.394134 -1.34416
3.51028 -0.403879 -1.33839
3.51258 -0.41361 -1.33261
3.51494 -0.423328 -1.32684
3.51736 -0.433031 -1.32107
3.51983 -0.442721 -1.3153
3.52235 -0.452397 -1.30952
3.52494 -0.462057 -1.30375
3.52758 -0.471703 -1.29798
3.53027 -0.481333 -1.29221
3.53302 -0.490947 -1.28644
3.53583 -0.500546 -1.28066
3.53869 -0.510128 -1.27489
3.5416 -0.519693 -1.26912
3.54457 -0.529242 -1.26335
3.5476 -0.538773 -1.25757
3.55068 -0.548286 -1.2518
3.55382 -0.557782 -1.24603
3.55701 -0.567259 -1.24026
3.56025 -0.576718 -1.23449
3.56355 -0.586157 -1.22871
3.56691 -0.595578 -1.22294
3.57032 -0.604979 -1.21717
3.57378 -0.61436 -1.2114
3.5773 -0.623721 -1.20563
3.58087 -0.633062 -1.19985
3.58449 -0.642382 -1.19408
3.58817 -0.651681 -1.18831
3.59191 -0.660958 -1.18254
3.59569 -0.670214 -1.17676
3.59953 -0.679447 -1.17099
3.60342 -0.688659 -1.16522
3.60737 -0.697848 -1.15945
3.61137 -0.707013 -1.15368
3.61542 -0.716156 -1.1479
3.61952 -0.725275 -1.14213
3.62368 -0.73437 -1.13636
3.62789 -0.743441 -1.13059
3.63215 -0.752488 -1.12481
3.63646 -0.76151 -1.11904
3.64083 -0.770507 -1.11327
3.64524 -0.779478 -1.1075
3.64971 -0.788424 -1.10173
3.65423 -0.797344 -1.09595
3.65881 -0.806237 -1.09018
3.66343 -0.815105 -1.08441
3.6681 -0.823945 -1.07864
3.67283 -0.832758 -1.07286
3.67761 -0.841544 -1.06709
3.68243 -0.850302 -1.06132
3.68731 -0.859032 -1.05555
3.69224 -0.867733 -1.04978
3.69721 -0.876407 -1.044
3.70224 -0.885051 -1.03823
3.70732 -0.893666 -1.03246
3.71245 -0.902251 -1.02669
3.71762 -0.910807 -1.02092
3.72285 -0.919333 -1.01514
3.72812 -0.927829 -1.00937
3.73345 -0.936294 -1.0036
3.73882 -0.944728 -0.997826
3.74424 -0.953131 -0.992054
3.74971 -0.961502 -0.986282
3.75523 -0.969842 -0.98051
3.7608 -0.97815 -0.974738
3.76641 -0.986425 -0.968965
3.77207 -0.994668 -0.963193
3.77778 -1.00288 -0.957421
3.78354 -1.01106 -0.951649
3.78934 -1.0192 -0.945877
3.79519 -1.02731 -0.940104
3.80109 -1.03539 -0.934332
3.80703 -1.04343 -0.92856
3.81302 -1.05144 -0.922788
3.81906 -1.05941 -0.917016
3.82514 -1.06735 -0.911244
3.83127 -1.07525 -0.905471
3.83744 -1.08312 -0.899699
3.84366 -1.09095 -0.893927
3.84992 -1.09874 -0.888155
3.85623 -1.1065 -0.882383
3.86258 -1.11422 -0.87661
3.86898 -1.12191 -0.870838
3.87542 -1.12956 -0.865066
3.88191 -1.13717 -0.859294
3.88844 -1.14474 -0.853522
3.89501 -1.15228 -0.84775
3.90163 -1.15978 -0.841977
3.90829 -1.16724 -0.836205
3.91499 -1.17466 -0.830433
3.92174 -1.18204 -0.824661
3.92852 -1.18938 -0.818889
3.93535 -1.19669 -0.813116
3.94223 -1.20395 -0.807344
3.94914 -1.21118 -0.801572
3.9561 -1.21836 -0.7958
3.96309 -1.22551 -0.790028
3.97013 -1.23261 -0.784255
3.97721 -1.23967 -0.778483
3.98433 -1.24669 -0.772711
3.99149 -1.25368 -0.766939
3.99869 -1.26061 -0.761167
4.00593 -1.26751 -0.755395
4.01321 -1.27437 -0.749622
4.02053 -1.28118 -0.74385
4.02789 -1.28795 -0.738078
4.03529 -1.29468 -0.732306
4.04272 -1.30137 -0.726534
4.0502 -1.30801 -0.720761
4.05771 -1.31461 -0.714989
4.06526 -1.32117 -0.709217
4.07285 -1.32768 -0.703445
4.08048 -1.33415 -0.697673
4.08814 -1.34057 -0.6919
4.09584 -1.34695 -0.686128
4.10358 -1.35329 -0.680356
4.11135 -1.35958 -0.674584
4.11916 -1.36582 -0.668812
4.12701 -1.37202 -0.66304
4.13489 -1.37818 -0.657267
4.14281 -1.38429 -0.651495
4.15076 -1.39035 -0.645723
4.15874 -1.39637 -0.639951
4.16677 -1.40234 -0.634179
4.17482 -1.40827 -0.628406
4.18291 -1.41414 -0.622634
4.19103 -1.41998 -0.616862
4.19919 -1.42576 -0.61109
4.20738 -1.4315 -0.605318
4.2156 -1.43719 -0.599546
4.22386 -1.44283 -0.593773
4.23215 -1.44843 -0.588001
4.24047 -1.45397 -0.582229
4.24882 -1.45947 -0.576457
4.25721 -1.46492 -0.570685
4.26562 -1.47033 -0.564912
4.27407 -1.47568 -0.55914
4.28254 -1.48098 -0.553368
4.29105 -1.48624 -0.547596
4.29959 -1.49145 -0.541824
4.30816 -1.4966 -0.536051
4.31675 -1.50171 -0.530279
4.32538 -1.50677 -0.524507
4.33404 -1.51178 -0.518735
4.34272 -1.51673 -0.512963
4.35143 -1.52164 -0.507191
4.36018 -1.5265 -0.501418
4.36894 -1.5313 -0.495646
4.37774 -1.53606 -0.489874
4.38657 -1.54077 -0.484102
4.39542 -1.54542 -0.47833
4.40429 -1.55002 -0.472557
4.4132 -1.55457 -0.466785
4.42213 -1.55907 -0.461013
4.43108 -1.56352 -0.455241
4.44007 -1.56792 -0.449469
4.44907 -1.57227 -0.443697
4.4581 -1.57656 -0.437924
4.46716 -1.5808 -0.432152
4.47624 -1.58499 -0.42638
4.48535 -1.58912 -0.420608
4.49447 -1.59321 -0.414836
4.50363 -1.59724 -0.409063
4.5128 -1.60121 -0.403291
4.522 -1.60514 -0.397519
4.53122 -1.60901 -0.391747
4.54046 -1.61283 -0.385975
4.54973 -1.61659 -0.380202
4.55901 -1.6203 -0.37443
4.56832 -1.62396 -0.368658
4.57765 -1.62756 -0.362886
4.587 -1.63111 -0.357114
4.59636 -1.63461 -0.351342
4.60575 -1.63805 -0.345569
4.61516 -1.64144 -0.339797
4.62459 -1.64477 -0.334025
4.63404 -1.64805 -0.328253
4.6435 -1.65127 -0.322481
4.65299 -1.65444 -0.316708
4.66249 -1.65756 -0.310936
4.67201 -1.66062 -0.305164
4.68155 -1.66362 -0.299392
4.69111 -1.66657 -0.29362
4.70068 -1.66946 -0.287847
4.71027 -1.6723 -0.282075
4.71987 -1.67509 -0.276303
4.72949 -1.67782 -0.270531
4.73913 -1.68049 -0.264759
4.74878 -1.6831 -0.258987
4.75845 -1.68567 -0.253214
4.76813 -1.68817 -0.247442
4.77782 -1.69062 -0.24167
4.78753 -1.69301 -0.235898
4.79725 -1.69535 -0.230126
4.80699 -1.69763 -0.224353
4.81674 -1.69986 -0.218581
4.8265 -1.70202 -0.212809
4.83628 -1.70414 -0.207037
4.84606 -1.70619 -0.201265
4.85586 -1.70819 -0.195493
4.86567 -1.71013 -0.18972
4.87549 -1.71202 -0.183948
4.88532 -1.71385 -0.178176
4.89516 -1.71562 -0.172404
4.90502 -1.71734 -0.166632
4.91488 -1.719 -0.160859
4.92475 -1.7206 -0.155087
4.93463 -1.72214 -0.149315
4.94452 -1.72363 -0.143543
4.95441 -1.72506 -0.137771
4.96432 -1.72643 -0.131998
4.97423 -1.72775 -0.126226
4.98415 -1.72901 -0.120454
4.99408 -1.73021 -0.114682
5.00401 -1.73135 -0.10891
5.01396 -1.73244 -0.103138
5.0239 -1.73347 -0.0973654
5.03386 -1.73444 -0.0915932
5.04381 -1.73536 -0.085821
5.05378 -1.73621 -0.0800488
5.06374 -1.73701 -0.0742766
5.07372 -1.73776 -0.0685044
5.08369 -1.73844 -0.0627322
5.09367 -1.73907 -0.0569601
5.10366 -1.73964 -0.0511879
5.11364 -1.74015 -0.0454157
5.12363 -1.7406 -0.0396435
5.13363 -1.741 -0.0338713
5.14362 -1.74134 -0.0280991
5.15362 -1.74162 -0.0223269
5.16361 -1.74184 -0.0165548
5.17361 -1.74201 -0.0107826
5.18361 -1.74212 -0.00501039
5.19361 -1.74217 0.0007618
5.20361 -1.74216 0.00653399
5.21361 -1.74209 0.0123062
5.22361 -1.74197 0.0180784
5.23361 -1.74179 0.0238505
5.24361 -1.74155 0.0296227
5.2536 -1.74125 0.0353949
5.2636 -1.7409 0.0411671
5.27359 -1.74049 0.0469393
5.28358 -1.74002 0.0527115
5.29356 -1.73949 0.0584837
5.30355 -1.73891 0.0642558
5.31352 -1.73827 0.070028
5.3235 -1.73757 0.0758002
5.33347 -1.73681 0.0815724
5.34344 -1.73599 0.0873446
5.3534 -1.73512 0.0931168
5.36336 -1.73419 0.098889
5.37331 -1.7332 0.104661
5.38325 -1.73216 0.110433
5.39319 -1.73106 0.116206
5.40312 -1.7299 0.121978
5.41305 -1.72868 0.12775
5.42297 -1.72741 0.133522
5.43288 -1.72608 0.139294
5.44278 -1.72469 0.145066
5.45268 -1.72324 0.150839
5.46256 -1.72174 0.156611
5.47244 -1.72018 0.162383
5.48231 -1.71856 0.168155
5.49217 -1.71689 0.173927
5.50202 -1.71516 0.1797
5.51186 -1.71337 0.185472
5.52169 -1.71153 0.191244
5.5315 -1.70963 0.197016
5.54131 -1.70767 0.202788
5.55111 -1.70566 0.20856
5.56089 -1.70358 0.214333
5.57066 -1.70146 0.220105
5.58042 -1.69927 0.225877
5.59016 -1.69703 0.231649
5.5999 -1.69474 0.237421
5.60962 -1.69239 0.243194
5.61932 -1.68998 0.248966
5.62901 -1.68751 0.254738
5.63869 -1.685 0.26051
5.64835 -1.68242 0.266282
5.658 -1.67979 0.272055
5.66763 -1.6771 0.277827
5.67725 -1.67436 0.283599
5.68685 -1.67156 0.289371
5.69644 -1.66871 0.295143
5.706 -1.6658 0.300915
5.71555 -1.66283 0.306688
5.72509 -1.65981 0.31246
5.7346 -1.65674 0.318232
5.7441 -1.65361 0.324004
5.75358 -1.65043 0.329776
5.76304 -1.64719 0.335549
5.77248 -1.6439 0.341321
5.78191 -1.64055 0.347093
5.79131 -1.63715 0.352865
5.80069 -1.63369 0.358637
5.81006 -1.63018 0.36441
5.8194 -1.62662 0.370182
5.82872 -1.623 0.375954
5.83803 -1.61933 0.381726
5.84731 -1.6156 0.387498
5.85656 -1.61182 0.39327
5.8658 -1.60799 0.399043
5.87502 -1.60411 0.404815
5.88421 -1.60017 0.410587
5.89338 -1.59618 0.416359
5.90252 -1.59213 0.422131
5.91164 -1.58804 0.427904
5.92074 -1.58389 0.433676
5.92982 -1.57968 0.439448
5.93887 -1.57543 0.44522
5.94789 -1.57112 0.450992
5.95689 -1.56676 0.456764
5.96587 -1.56235 0.462537
5.97482 -1.55789 0.468309
5.98374 -1.55338 0.474081
5.99264 -1.54881 0.479853
6.00151 -1.5442 0.485625
6.01035 -1.53953 0.491398
6.01917 -1.53481 0.49717
6.02796 -1.53004 0.502942
6.03672 -1.52522 0.508714
6.04545 -1.52035 0.514486
6.05416 -1.51543 0.520259
6.06283 -1.51046 0.526031
6.07148 -1.50544 0.531803
6.0801 -1.50037 0.537575
6.08869 -1.49525 0.543347
6.09725 -1.49008 0.549119
6.10578 -1.48486 0.554892
6.11428 -1.47959 0.560664
6.12275 -1.47427 0.566436
6.13119 -1.4689 0.572208
6.1396 -1.46349 0.57798
6.14797 -1.45803 0.583753
6.15631 -1.45251 0.589525
6.16463 -1.44695 0.595297
6.17291 -1.44135 0.601069
6.18115 -1.43569 0.606841
6.18937 -1.42999 0.612613
6.19755 -1.42424 0.618386
6.2057 -1.41844 0.624158
6.21381 -1.4126 0.62993
6.22189 -1.40671 0.635702
6.22994 -1.40077 0.641474
6.23795 -1.39479 0.647247
6.24593 -1.38876 0.653019
6.25387 -1.38268 0.658791
6.26178 -1.37656 0.664563
6.26965 -1.37039 0.670335
6.27749 -1.36418 0.676108
6.28529 -1.35792 0.68188
6.29305 -1.35162 0.687652
6.30078 -1.34527 0.693424
6.30847 -1.33888 0.699196
6.31612 -1.33244 0.704968
6.32374 -1.32596 0.710741
6.33132 -1.31944 0.716513
6.33886 -1.31287 0.722285
6.34636 -1.30626 0.728057
6.35383 -1.29961 0.733829
6.36125 -1.29291 0.739602
6.36864 -1.28617 0.745374
6.37599 -1.27939 0.751146
6.3833 -1.27256 0.756918
6.39057 -1.2657 0.76269
6.3978 -1.25879 0.768463
6.40499 -1.25184 0.774235
6.41214 -1.24484 0.780007
6.41925 -1.23781 0.785779
6.42631 -1.23074 0.791551
6.43334 -1.22362 0.797323
6.44033 -1.21647 0.803096
6.44727 -1.20927 0.808868
6.45418 -1.20204 0.81464
6.46104 -1.19476 0.820412
6.46786 -1.18745 0.826184
6.47463 -1.1801 0.831957
6.48137 -1.1727 0.837729
6.48806 -1.16527 0.843501
6.49471 -1.1578 0.849273
6.50131 -1.15029 0.855045
6.50787 -1.14275 0.860817
6.51439 -1.13516 0.86659
6.52087 -1.12754 0.872362
6.5273 -1.11989 0.878134
6.53368 -1.11219 0.883906
6.54002 -1.10446 0.889678
6.54632 -1.09669 0.895451
6.55257 -1.08888 0.901223
6.55878 -1.08104 0.906995
6.56494 -1.07317 0.912767
6.57106 -1.06525 0.918539
6.57713 -1.05731 0.924312
6.58315 -1.04933 0.930084
6.58913 -1.04131 0.935856
6.59506 -1.03326 0.941628
6.60094 -1.02517 0.9474
6.60678 -1.01705 0.953172
6.61257 -1.0089 0.958945
6.61832 -1.00071 0.964717
6.62401 -0.992496 0.970489
6.62966 -0.984244 0.976261
6.63526 -0.97596 0.982033
6.64082 -0.967644 0.987806
6.64632 -0.959296 0.993578
6.65178 -0.950916 0.99935
6.65719 -0.942505 1.00512
6.66255 -0.934062 1.01089
6.66786 -0.925589 1.01667
6.67312 -0.917086 1.02244
6.67833 -0.908552 1.02821
6.6835 -0.899988 1.03398
6.68861 -0.891395 1.03976
6.69367 -0.882772 1.04553
6.69869 -0.87412 1.0513
6.70365 -0.865439 1.05707
6.70857 -0.85673 1.06284
6.71343 -0.847993 1.06862
6.71824 -0.839227 1.07439
6.72301 -0.830434 1.08016
6.72772 -0.821614 1.08593
6.73238 -0.812767 1.0917
6.73699 -0.803892 1.09748
6.74155 -0.794992 1.10325
6.74606 -0.786065 1.10902
6.75051 -0.777112 1.11479
6.75491 -0.768134 1.12057
6.75927 -0.759131 1.12634
6.76357 -0.750102 1.13211
6.76781 -0.741049 1.13788
6.77201 -0.731972 1.14365
6.77615 -0.72287 1.14943
6.78024 -0.713745 1.1552
6.78428 -0.704596 1.16097
6.78826 -0.695424 1.16674
6.79219 -0.68623 1.17252
6.79607 -0.677012 1.17829
6.7999 -0.667773 1.18406
6.80367 -0.658511 1.18983
6.80739 -0.649228 1.1956
6.81105 -0.639924 1.20138
6.81466 -0.630598 1.20715
6.81822 -0.621252 1.21292
6.82172 -0.611886 1.21869
6.82517 -0.602499 1.22447
6.82857 -0.593093 1.23024
6.83191 -0.583668 1.23601
6.83519 -0.574223 1.24178
6.83842 -0.564759 1.24755
6.8416 -0.555277 1.25333
6.84472 -0.545777 1.2591
6.84779 -0.536259 1.26487
6.8508 -0.526723 1.27064
6.85376 -0.51717 1.27641
6.85666 -0.5076 1.28219
6.8595 -0.498014 1.28796
6.86229 -0.488411 1.29373
6.86503 -0.478793 1.2995
6.86771 -0.469158 1.30528
6.87033 -0.459509 1.31105
6.8729 -0.449844 1.31682
6.87541 -0.440165 1.32259
6.87787 -0.430471 1.32836
6.88027 -0.420764 1.33414
6.88262 -0.411043 1.33991
6.88491 -0.401308 1.34568
6.88714 -0.39156 1.35145
6.88931 -0.3818 1.35723
6.89143 -0.372027 1.363
6.8935 -0.362242 1.36877
6.8955 -0.352446 1.37454
6.89745 -0.342637 1.38031
6.89935 -0.332818 1.38609
6.90118 -0.322988 1.39186
6.90296 -0.313148 1.39763
6.90468 -0.303298 1.4034
6.90635 -0.293437 1.40918
6.90796 -0.283568 1.41495
6.90951 -0.273689 1.42072
6.91101 -0.263801 1.42649
6.91245 -0.253905 1.43226
6.91383 -0.244001 1.43804
6.91515 -0.234089 1.44381
6.91642 -0.22417 1.44958
6.91763 -0.214243 1.45535
6.91878 -0.20431 1.46112
6.91987 -0.19437 1.4669
6.92091 -0.184424 1.47267
6.92189 -0.174472 1.47844
6.92281 -0.164514 1.48421
6.92368 -0.154552 1.48999
6.92448 -0.144584 1.49576
6.92523 -0.134613 1.50153
6.92593 -0.124637 1.5073
6.92656 -0.114657 1.51307
6.92714 -0.104673 1.51885
6.92766 -0.0946868 1.52462
6.92812 -0.0846975 1.53039
6.92852 -0.0747056 1.53616
6.92887 -0.0647116 1.54194
6.92916 -0.0547158 1.54771
6.92939 -0.0447185 1.55348
6.92956 -0.03472 1.55925
6.92968 -0.0247206 1.56502
6.92973 -0.0147208 1.5708
6.92973 -0.0047208 1.56502
6.92979 0.00527903 1.55925
6.92991 0.0152784 1.55348
6.93008 0.0252769 1.54771
6.93031 0.0352742 1.54194
6.9306 0.04527 1.53616
6.93095 0.055264 1.53039
6.93135 0.0652559 1.52462
6.93181 0.0752452 1.51885
6.93233 0.0852317 1.51307
6.93291 0.0952151 1.5073
6.93354 0.105195 1.50153
6.93423 0.115171 1.49576
6.93498 0.125143 1.48999
6.93579 0.13511 1.48421
6.93666 0.145073 1.47844
6.93758 0.15503 1.47267
6.93856 0.164982 1.4669
6.93959 0.174928 1.46112
6.94069 0.184868 1.45535
6.94184 0.194801 1.44958
6.94305 0.204728 1.44381
6.94432 0.214648 1.43804
6.94564 0.22456 1.43226
6.94702 0.234464 1.42649
6.94846 0.24436 1.42072
6.94995 0.254247 1.41495
6.95151 0.264126 1.40918
6.95312 0.273996 1.4034
6.95478 0.283856 1.39763
6.9565 0.293707 1.39186
6.95828 0.303547 1.38609
6.96012 0.313377 1.38031
6.96201 0.323196 1.37454
6.96396 0.333004 1.36877
6.96597 0.342801 1.363
6.96803 0.352585 1.35723
6.97015 0.362358 1.35145
6.97233 0.372119 1.34568
6.97456 0.381866 1.33991
6.97685 0.391601 1.33414
6.97919 0.401322 1.32836
6.9816 0.41103 1.32259
6.98405 0.420723 1.31682
6.98656 0.430403 1.31105
6.98913 0.440067 1.30528
6.99176 0.449717 1.2995
6.99444 0.459351 1.29373
6.99717 0.46897 1.28796
6.99996 0.478572 1.28219
7.00281 0.488159 1.27641
7.00571 0.497728 1.27064
7.00867 0.507281 1.26487
7.01168 0.516817 1.2591
7.01475 0.526335 1.25333
7.01787 0.535835 1.24755
7.02104 0.545318 1.24178
7.02428 0.554781 1.23601
7.02756 0.564226 1.23024
7.0309 0.573652 1.22447
7.0343 0.583058 1.21869
7.03774 0.592444 1.21292
7.04125 0.601811 1.20715
7.0448 0.611157 1.20138
7.04841 0.620482 1.1956
7.05208 0.629787 1.18983
7.0558 0.63907 1.18406
7.05957 0.648331 1.17829
7.06339 0.657571 1.17252
7.06727 0.666788 1.16674
7.0712 0.675983 1.16097
7.07519 0.685155 1.1552
7.07923 0.694303 1.14943
7.08332 0.703429 1.14365
7.08746 0.71253 1.13788
7.09165 0.721608 1.13211
7.0959 0.730661 1.12634
7.1002 0.739689 1.12057
7.10455 0.748693 1.11479
7.10896 0.757671 1.10902
7.11341 0.766623 1.10325
7.11792 0.77555 1.09748
7.12248 0.784451 1.0917
7.12709 0.793325 1.08593
7.13175 0.802172 1.08016
7.13646 0.810993 1.07439
7.14122 0.819786 1.06862
7.14604 0.828551 1.06284
7.1509 0.837288 1.05707
7.15581 0.845998 1.0513
7.16078 0.854678 1.04553
7.16579 0.86333 1.03976
7.17086 0.871953 1.03398
7.17597 0.880547 1.02821
7.18113 0.88911 1.02244
7.18635 0.897644 1.01667
7.19161 0.906148 1.01089
7.19692 0.914621 1.00512
7.20228 0.923063 0.99935
7.20769 0.931474 0.993578
7.21315 0.939854 0.987806
7.21865 0.948202 0.982033
7.2242 0.956519 0.976261
7.22981 0.964803 0.970489
7.23545 0.973054 0.964717
7.24115 0.981273 0.958945
7.24689 0.989459 0.953172
7.25269 0.997612 0.9474
7.25852 1.00573 0.941628
7.26441 1.01382 0.935856
7.27034 1.02187 0.930084
7.27632 1.02988 0.924312
7.28234 1.03787 0.918539
7.28841 1.04581 0.912767
7.29453 1.05372 0.906995
7.30069 1.0616 0.901223
7.30689 1.06944 0.895451
7.31315 1.07725 0.889678
7.31944 1.08502 0.883906
7.32578 1.09275 0.878134
7.33217 1.10044 0.872362
7.3386 1.1081 0.86659
7.34507 1.11572 0.860817
7.35159 1.12331 0.855045
7.35815 1.13085 0.849273
7.36476 1.13836 0.843501
7.37141 1.14583 0.837729
7.3781 1.15326 0.831957
7.38483 1.16065 0.826184
7.39161 1.16801 0.820412
7.39843 1.17532 0.81464
7.40529 1.1826 0.808868
7.41219 1.18983 0.803096
7.41914 1.19703 0.797323
7.42613 1.20418 0.791551
7.43315 1.2113 0.785779
7.44022 1.21837 0.780007
7.44733 1.2254 0.774235
7.45448 1.23239 0.768463
7.46167 1.23935 0.76269
7.4689 1.24625 0.756918
7.47617 1.25312 0.751146
7.48348 1.25995 0.745374
7.49083 1.26673 0.739602
7.49821 1.27347 0.733829
7.50564 1.28017 0.728057
7.5131 1.28682 0.722285
7.52061 1.29343 0.716513
7.52815 1.3 0.710741
7.53573 1.30652 0.704968
7.54334 1.313 0.699196
7.551 1.31944 0.693424
7.55869 1.32583 0.687652
7.56642 1.33218 0.68188
7.57418 1.33848 0.676108
7.58198 1.34474 0.670335
7.58982 1.35095 0.664563
7.59769 1.35712 0.658791
7.60559 1.36324 0.653019
7.61354 1.36931 0.647247
7.62151 1.37534 0.641474
7.62953 1.38133 0.635702
7.63757 1.38727 0.62993
7.64565 1.39316 0.624158
7.65377 1.399 0.618386
7.66192 1.4048 0.612613
7.6701 1.41055 0.606841
7.67831 1.41625 0.601069
7.68656 1.42191 0.595297
7.69484 1.42751 0.589525
7.70315 1.43307 0.583753
7.7115 1.43858 0.57798
7.71987 1.44405 0.572208
7.72828 1.44946 0.566436
7.73672 1.45483 0.560664
7.74519 1.46015 0.554892
7.75369 1.46541 0.549119
7.76222 1.47063 0.543347
7.77078 1.4758 0.537575
7.77936 1.48092 0.531803
7.78798 1.486 0.526031
7.79663 1.49102 0.520259
7.80531 1.49599 0.514486
7.81401 1.50091 0.508714
7.82275 1.50578 0.502942
7.83151 1.5106 0.49717
7.8403 1.51537 0.491398
7.84912 1.52009 0.485625
7.85796 1.52475 0.479853
7.86683 1.52937 0.474081
7.87573 1.53394 0.468309
7.88465 1.53845 0.462537
7.8936 1.54291 0.456764
7.90257 1.54732 0.450992
7.91157 1.55168 0.44522
7.9206 1.55599 0.439448
7.92965 1.56024 0.433676
7.93872 1.56444 0.427904
7.94782 1.56859 0.422131
7.95694 1.57269 0.416359
7.96609 1.57674 0.410587
7.97526 1.58073 0.404815
7.98445 1.58467 0.399043
7.99367 1.58855 0.39327
8.0029 1.59238 0.387498
8.01216 1.59616 0.381726
8.02144 1.59989 0.375954
8.03074 1.60356 0.370182
8.04006 1.60718 0.36441
8.04941 1.61074 0.358637
8.05877 1.61425 0.352865
8.06816 1.61771 0.347093
8.07756 1.62111 0.341321
8.08698 1.62446 0.335549
8.09643 1.62775 0.329776
8.10589 1.63099 0.324004
8.11537 1.63417 0.318232
8.12486 1.6373 0.31246
8.13438 1.64037 0.306688
8.14391 1.64339 0.300915
8.15346 1.64636 0.295143
8.16303 1.64926 0.289371
8.17262 1.65212 0.283599
8.18222 1.65492 0.277827
8.19183 1.65766 0.272055
8.20146 1.66035 0.266282
8.21111 1.66298 0.26051
8.22077 1.66555 0.254738
8.23045 1.66807 0.248966
8.24014 1.67054 0.243194
8.24985 1.67295 0.237421
8.25957 1.6753 0.231649
8.2693 1.67759 0.225877
8.27905 1.67983 0.220105
8.28881 1.68202 0.214333
8.29858 1.68414 0.20856
8.30836 1.68621 0.202788
8.31816 1.68823 0.197016
8.32796 1.69019 0.191244
8.33778 1.69209 0.185472
8.34761 1.69393 0.1797
8.35745 1.69572 0.173927
8.3673 1.69745 0.168155
8.37716 1.69912 0.162383
8.38702 1.70074 0.156611
8.3969 1.7023 0.150839
8.40679 1.7038 0.145066
8.41668 1.70525 0.139294
8.42659 1.70663 0.133522
8.4365 1.70797 0.12775
8.44642 1.70924 0.121978
8.45634 1.71046 0.116206
8.46627 1.71162 0.110433
8.47621 1.71272 0.104661
8.48616 1.71376 0.098889
8.49611 1.71475 0.0931168
8.50607 1.71568 0.0873446
8.51603 1.71655 0.0815724
8.526 1.71737 0.0758002
8.53597 1.71812 0.070028
8.54594 1.71882 0.0642558
8.55592 1.71947 0.0584837
8.5659 1.72005 0.0527115
8.57589 1.72058 0.0469393
8.58588 1.72105 0.0411671
8.59587 1.72146 0.0353949
8.60586 1.72181 0.0296227
8.61586 1.72211 0.0238505
8.62586 1.72235 0.0180784
8.63586 1.72253 0.0123062
8.64586 1.72265 0.00653399
8.65585 1.72272 0.0007618
8.66585 1.72272 -0.00501039
8.67585 1.72267 -0.0107826
8.68585 1.72257 -0.0165548
8.69585 1.7224 -0.0223269
8.70585 1.72218 -0.0280991
8.71585 1.7219 -0.0338713
8.72584 1.72156 -0.0396435
8.73583 1.72116 -0.0454157
8.74582 1.72071 -0.0511879
8.75581 1.7202 -0.0569601
8.76579 1.71963 -0.0627322
8.77577 1.719 -0.0685044
8.78575 1.71831 -0.0742766
8.79572 1.71757 -0.0800488
8.80569 1.71677 -0.085821
8.81565 1.71592 -0.0915932
8.82561 1.715 -0.0973654
8.83556 1.71403 -0.103138
8.84551 1.713 -0.10891
8.85545 1.71191 -0.114682
8.86539 1.71077 -0.120454
8.87531 1.70957 -0.126226
8.88523 1.70831 -0.131998
8.89515 1.70699 -0.137771
8.90505 1.70562 -0.143543
8.91495 1.70419 -0.149315
8.92484 1.7027 -0.155087
8.93472 1.70116 -0.160859
8.94459 1.69955 -0.166632
8.95445 1.6979 -0.172404
8.9643 1.69618 -0.178176
8.97414 1.69441 -0.183948
8.98398 1.69258 -0.18972
8.9938 1.69069 -0.195493
9.00361 1.68875 -0.201265
9.0134 1.68675 -0.207037
9.02319 1.6847 -0.212809
9.03296 1.68258 -0.218581
9.04273 1.68041 -0.224353
9.05248 1.67819 -0.230126
9.06221 1.67591 -0.235898
9.07194 1.67357 -0.24167
9.08164 1.67118 -0.247442
9.09134 1.66873 -0.253214
9.10102 1.66622 -0.258987
9.11069 1.66366 -0.264759
9.12034 1.66105 -0.270531
9.12998 1.65837 -0.276303
9.1396 1.65565 -0.282075
9.1492 1.65286 -0.287847
9.15879 1.65002 -0.29362
9.16836 1.64713 -0.299392
9.17792 1.64418 -0.305164
9.18745 1.64118 -0.310936
9.19698 1.63812 -0.316708
9.20648 1.635 -0.322481
9.21596 1.63183 -0.328253
9.22543 1.62861 -0.334025
9.23488 1.62533 -0.339797
9.2443 1.622 -0.345569
9.25371 1.61861 -0.351342
9.2631 1.61517 -0.357114
9.27247 1.61167 -0.362886
9.28182 1.60812 -0.368658
9.29115 1.60452 -0.37443
9.30046 1.60086 -0.380202
9.30974 1.59715 -0.385975
9.31901 1.59339 -0.391747
9.32825 1.58957 -0.397519
9.33747 1.5857 -0.403291
9.34667 1.58177 -0.409063
9.35584 1.57779 -0.414836
9.36499 1.57376 -0.420608
9.37412 1.56968 -0.42638
9.38323 1.56555 -0.432152
9.39231 1.56136 -0.437924
9.40136 1.55712 -0.443697
9.41039 1.55282 -0.449469
9.4194 1.54848 -0.455241
9.42838 1.54408 -0.461013
9.43734 1.53963 -0.466785
9.44627 1.53513 -0.472557
9.45517 1.53058 -0.47833
9.46405 1.52598 -0.484102
9.4729 1.52132 -0.489874
9.48173 1.51662 -0.495646
9.49052 1.51186 -0.501418
9.49929 1.50706 -0.507191
9.50803 1.5022 -0.512963
9.51675 1.49729 -0.518735
9.52543 1.49233 -0.524507
9.53409 1.48733 -0.530279
9.54271 1.48227 -0.536051
9.55131 1.47716 -0.541824
9.55988 1.472 -0.547596
9.56841 1.4668 -0.553368
9.57692 1.46154 -0.55914
9.5854 1.45624 -0.564912
9.59385 1.45088 -0.570685
9.60226 1.44548 -0.576457
9.61065 1.44003 -0.582229
9.619 1.43453 -0.588001
9.62732 1.42899 -0.593773
9.63561 1.42339 -0.599546
9.64386 1.41775 -0.605318
9.65209 1.41206 -0.61109
9.66028 1.40632 -0.616862
9.66843 1.40054 -0.622634
9.67656 1.3947 -0.628406
9.68465 1.38882 -0.634179
9.6927 1.3829 -0.639951
9.70072 1.37693 -0.645723
9.70871 1.37091 -0.651495
9.71666 1.36485 -0.657267
9.72458 1.35874 -0.66304
9.73246 1.35258 -0.668812
9.7403 1.34638 -0.674584
9.74811 1.34014 -0.680356
9.75589 1.33384 -0.686128
9.76362 1.32751 -0.6919
9.77133 1.32113 -0.697673
9.77899 1.3147 -0.703445
9.78661 1.30824 -0.709217
9.7942 1.30172 -0.714989
9.80175 1.29517 -0.720761
9.80927 1.28857 -0.726534
9.81674 1.28193 -0.732306
9.82418 1.27524 -0.738078
9.83158 1.26851 -0.74385
9.83894 1.26174 -0.749622
9.84625 1.25493 -0.755395
9.85353 1.24807 -0.761167
9.86077 1.24117 -0.766939
9.86798 1.23423 -0.772711
9.87514 1.22725 -0.778483
9.88226 1.22023 -0.784255
9.88933 1.21317 -0.790028
9.89637 1.20606 -0.7958
9.90337 1.19892 -0.801572
9.91033 1.19174 -0.807344
9.91724 1.18451 -0.813116
9.92411 1.17725 -0.818889
9.93094 1.16994 -0.824661
9.93773 1.1626 -0.830433
9.94448 1.15522 -0.836205
9.95118 1.1478 -0.841977
9.95784 1.14034 -0.84775
9.96446 1.13284 -0.853522
9.97103 1.1253 -0.859294
9.97756 1.11773 -0.865066
9.98404 1.11012 -0.870838
9.99049 1.10247 -0.87661
9.99688 1.09478 -0.882383
10.0032 1.08706 -0.888155
10.0095 1.0793 -0.893927
10.0158 1.07151 -0.899699
10.022 1.06367 -0.905471
10.0282 1.05581 -0.911244
10.0343 1.0479 -0.917016
10.0404 1.03997 -0.922788
10.0464 1.03199 -0.92856
10.0524 1.02399 -0.934332
10.0584 1.01594 -0.940104
10.0643 1.00787 -0.945877
10.0701 0.999758 -0.951649
10.0759 0.991614 -0.957421
10.0817 0.983437 -0.963193
10.0874 0.975227 -0.968965
10.0931 0.966984 -0.974738
10.0987 0.958708 -0.98051
10.1042 0.9504 -0.986282
10.1098 0.942061 -0.992054
10.1152 0.933689 -0.997826
10.1206 0.925286 -1.0036
10.126 0.916852 -1.00937
10.1313 0.908387 -1.01514
10.1366 0.899892 -1.02092
10.1418 0.891366 -1.02669
10.147 0.88281 -1.03246
10.1521 0.874224 -1.03823
10.1572 0.865609 -1.044
10.1623 0.856965 -1.04978
10.1672 0.848292 -1.05555
10.1722 0.83959 -1.06132
10.177 0.83086 -1.06709
10.1819 0.822102 -1.07286
10.1866 0.813316 -1.07864
10.1914 0.804503 -1.08441
10.196 0.795663 -1.09018
10.2007 0.786796 -1.09595
10.2052 0.777902 -1.10173
10.2098 0.768982 -1.1075
10.2142 0.760036 -1.11327
10.2186 0.751065 -1.11904
10.223 0.742068 -1.12481
10.2273 0.733046 -1.13059
10.2316 0.724 -1.13636
10.2358 0.714929 -1.14213
10.2399 0.705833 -1.1479
10.244 0.696714 -1.15368
10.2481 0.687572 -1.15945
10.2521 0.678406 -1.16522
10.256 0.669217 -1.17099
10.2599 0.660006 -1.17676
10.2638 0.650772 -1.18254
10.2676 0.641516 -1.18831
10.2713 0.632239 -1.19408
10.275 0.62294 -1.19985
10.2786 0.61362 -1.20563
10.2822 0.60428 -1.2114
10.2857 0.594919 -1.21717
10.2891 0.585537 -1.22294
10.2926 0.576136 -1.22871
10.2959 0.566716 -1.23449
10.2992 0.557276 -1.24026
10.3025 0.547817 -1.24603
10.3056 0.53834 -1.2518
10.3088 0.528845 -1.25757
10.3119 0.519331 -1.26335
10.3149 0.5098 -1.26912
10.3179 0.500252 -1.27489
10.3208 0.490686 -1.28066
10.3236 0.481104 -1.28644
10.3264 0.471506 -1.29221
10.3292 0.461891 -1.29798
10.3319 0.452261 -1.30375
10.3345 0.442616 -1.30952
10.3371 0.432955 -1.3153
10.3396 0.42328 -1.32107
10.3421 0.41359 -1.32684
10.3445 0.403886 -1.33261
10.3469 0.394168 -1.33839
10.3492 0.384437 -1.34416
10.3514 0.374693 -1.34993
10.3536 0.364936 -1.3557
10.3558 0.355166 -1.36147
10.3578 0.345384 -1.36725
10.3599 0.335591 -1.37302
10.3618 0.325786 -1.37879
10.3637 0.31597 -1.38456
10.3656 0.306143 -1.39033
10.3674 0.296305 -1.39611
10.3691 0.286457 -1.40188
10.3708 0.276599 -1.40765
10.3724 0.266732 -1.41342
10.374 0.256856 -1.4192
10.3755 0.246971 -1.42497
10.377 0.237077 -1.43074
10.3783 0.227175 -1.43651
10.3797 0.217265 -1.44228
10.381 0.207347 -1.44806
10.3822 0.197422 -1.45383
10.3834 0.187491 -1.4596
10.3845 0.177552 -1.46537
10.3855 0.167608 -1.47115
10.3865 0.157657 -1.47692
10.3875 0.147702 -1.48269
10.3883 0.13774 -1.48846
10.3892 0.127774 -1.49423
10.3899 0.117803 -1.50001
10.3906 0.107829 -1.50578
10.3913 0.0978497 -1.51155
10.3919 0.0878672 -1.51732
10.3924 0.0778815 -1.5231
10.3929 0.0678929 -1.52887
10.3933 0.0579017 -1.53464
10.3937 0.0479082 -1.54041
10.394 0.0379128 -1.54618
10.3942 0.0279158 -1.55196
10.3944 0.0179176 -1.55773
10.3945 0.00791847 -1.5635
10.3946 -0.00208126 -1.56927
10.3946 -0.0120812 -1.57504
10.3946 -0.0220812 -1.56927
10.3946 -0.0320811 -1.5635
10.3947 -0.0420809 -1.55773
10.3948 -0.05208 -1.55196
10.395 -0.0620783 -1.54618
10.3952 -0.0720752 -1.54041
10.3955 -0.0820706 -1.53464
10.3959 -0.0920641 -1.52887
10.3963 -0.102055 -1.5231
10.3968 -0.112044 -1.51732
10.3973 -0.12203 -1.51155
10.3979 -0.132012 -1.50578
10.3986 -0.141991 -1.50001
10.3993 -0.151966 -1.49423
10.4 -0.161937 -1.48846
10.4009 -0.171903 -1.48269
10.4017 -0.181864 -1.47692
10.4027 -0.19182 -1.47115
10.4037 -0.20177 -1.46537
10.4047 -0.211715 -1.4596
10.4058 -0.221653 -1.45383
10.407 -0.231585 -1.44806
10.4082 -0.241509 -1.44228
10.4095 -0.251427 -1.43651
10.4109 -0.261337 -1.43074
10.4122 -0.271239 -1.42497
10.4137 -0.281133 -1.4192
10.4152 -0.291018 -1.41342
10.4168 -0.300895 -1.40765
10.4184 -0.310762 -1.40188
10.4201 -0.32062 -1.39611
10.4218 -0.330467 -1.39033
10.4236 -0.340305 -1.38456
10.4255 -0.350132 -1.37879
10.4274 -0.359948 -1.37302
10.4293 -0.369753 -1.36725
10.4314 -0.379547 -1.36147
10.4334 -0.389329 -1.3557
10.4356 -0.399098 -1.34993
10.4378 -0.408855 -1.34416
10.44 -0.4186 -1.33839
10.4423 -0.428331 -1.33261
10.4447 -0.438048 -1.32684
10.4471 -0.447752 -1.32107
10.4496 -0.457442 -1.3153
10.4521 -0.467117 -1.30952
10.4547 -0.476778 -1.30375
10.4573 -0.486424 -1.29798
10.46 -0.496054 -1.29221
10.4628 -0.505668 -1.28644
10.4656 -0.515267 -1.28066
10.4684 -0.524849 -1.27489
10.4713 -0.534414 -1.26912
10.4743 -0.543962 -1.26335
10.4773 -0.553494 -1.25757
10.4804 -0.563007 -1.2518
10.4836 -0.572502 -1.24603
10.4867 -0.58198 -1.24026
10.49 -0.591438 -1.23449
10.4933 -0.600878 -1.22871
10.4966 -0.610299 -1.22294
10.5001 -0.6197 -1.21717
10.5035 -0.629081 -1.2114
10.507 -0.638442 -1.20563
10.5106 -0.647783 -1.19985
10.5142 -0.657103 -1.19408
10.5179 -0.666401 -1.18831
10.5216 -0.675679 -1.18254
10.5254 -0.684935 -1.17676
10.5293 -0.694168 -1.17099
10.5332 -0.70338 -1.16522
10.5371 -0.712568 -1.15945
10.5411 -0.721734 -1.15368
10.5452 -0.730877 -1.1479
10.5493 -0.739996 -1.14213
10.5534 -0.749091 -1.13636
10.5576 -0.758162 -1.13059
10.5619 -0.767209 -1.12481
10.5662 -0.776231 -1.11904
10.5706 -0.785227 -1.11327
10.575 -0.794199 -1.1075
10.5794 -0.803145 -1.10173
10.584 -0.812065 -1.09595
10.5885 -0.820958 -1.09018
10.5932 -0.829825 -1.08441
10.5978 -0.838666 -1.07864
10.6026 -0.847479 -1.07286
10.6073 -0.856264 -1.06709
10.6122 -0.865022 -1.06132
10.617 -0.873752 -1.05555
10.622 -0.882454 -1.04978
10.6269 -0.891127 -1.044
10.632 -0.899772 -1.03823
10.6371 -0.908387 -1.03246
10.6422 -0.916972 -1.02669
10.6474 -0.925528 -1.02092
10.6526 -0.934054 -1.01514
10.6579 -0.94255 -1.00937
10.6632 -0.951015 -1.0036
10.6686 -0.959449 -0.997826
10.674 -0.967852 -0.992054
10.6794 -0.976223 -0.986282
10.685 -0.984563 -0.98051
10.6905 -0.992871 -0.974738
10.6961 -1.00115 -0.968965
10.7018 -1.00939 -0.963193
10.7075 -1.0176 -0.957421
10.7133 -1.02578 -0.951649
10.7191 -1.03392 -0.945877
10.7249 -1.04203 -0.940104
10.7308 -1.05011 -0.934332
10.7368 -1.05815 -0.92856
10.7428 -1.06616 -0.922788
10.7488 -1.07413 -0.917016
10.7549 -1.08207 -0.911244
10.761 -1.08997 -0.905471
10.7672 -1.09784 -0.899699
10.7734 -1.10567 -0.893927
10.7797 -1.11346 -0.888155
10.786 -1.12122 -0.882383
10.7923 -1.12895 -0.87661
10.7987 -1.13663 -0.870838
10.8052 -1.14428 -0.865066
10.8116 -1.15189 -0.859294
10.8182 -1.15946 -0.853522
10.8247 -1.167 -0.84775
10.8314 -1.1745 -0.841977
10.838 -1.18196 -0.836205
10.8447 -1.18938 -0.830433
10.8515 -1.19676 -0.824661
10.8583 -1.2041 -0.818889
10.8651 -1.21141 -0.813116
10.872 -1.21867 -0.807344
10.8789 -1.2259 -0.801572
10.8858 -1.23308 -0.7958
10.8928 -1.24023 -0.790028
10.8999 -1.24733 -0.784255
10.9069 -1.25439 -0.778483
10.9141 -1.26142 -0.772711
10.9212 -1.2684 -0.766939
10.9284 -1.27534 -0.761167
10.9357 -1.28223 -0.755395
10.9429 -1.28909 -0.749622
10.9503 -1.2959 -0.74385
10.9576 -1.30267 -0.738078
10.965 -1.3094 -0.732306
10.9725 -1.31609 -0.726534
10.9799 -1.32273 -0.720761
10.9874 -1.32933 -0.714989
10.995 -1.33589 -0.709217
11.0026 -1.3424 -0.703445
11.0102 -1.34887 -0.697673
11.0179 -1.35529 -0.6919
11.0256 -1.36167 -0.686128
11.0333 -1.36801 -0.680356
11.0411 -1.3743 -0.674584
11.0489 -1.38054 -0.668812
11.0567 -1.38674 -0.66304
11.0646 -1.3929 -0.657267
11.0725 -1.39901 -0.651495
11.0805 -1.40507 -0.645723
11.0885 -1.41109 -0.639951
11.0965 -1.41706 -0.634179
11.1046 -1.42299 -0.628406
11.1126 -1.42887 -0.622634
11.1208 -1.4347 -0.616862
11.1289 -1.44048 -0.61109
11.1371 -1.44622 -0.605318
11.1453 -1.45191 -0.599546
11.1536 -1.45755 -0.593773
11.1619 -1.46315 -0.588001
11.1702 -1.46869 -0.582229
11.1786 -1.47419 -0.576457
11.1869 -1.47964 -0.570685
11.1954 -1.48505 -0.564912
11.2038 -1.4904 -0.55914
11.2123 -1.4957 -0.553368
11.2208 -1.50096 -0.547596
11.2293 -1.50617 -0.541824
11.2379 -1.51132 -0.536051
11.2465 -1.51643 -0.530279
11.2551 -1.52149 -0.524507
11.2638 -1.5265 -0.518735
11.2725 -1.53145 -0.512963
11.2812 -1.53636 -0.507191
11.2899 -1.54122 -0.501418
11.2987 -1.54603 -0.495646
11.3075 -1.55078 -0.489874
11.3163 -1.55549 -0.484102
11.3251 -1.56014 -0.47833
11.334 -1.56474 -0.472557
11.3429 -1.5693 -0.466785
11.3519 -1.5738 -0.461013
11.3608 -1.57824 -0.455241
11.3698 -1.58264 -0.449469
11.3788 -1.58699 -0.443697
11.3878 -1.59128 -0.437924
11.3969 -1.59552 -0.432152
11.406 -1.59971 -0.42638
11.4151 -1.60384 -0.420608
11.4242 -1.60793 -0.414836
11.4334 -1.61196 -0.409063
11.4425 -1.61593 -0.403291
11.4517 -1.61986 -0.397519
11.461 -1.62373 -0.391747
11.4702 -1.62755 -0.385975
11.4795 -1.63131 -0.380202
11.4887 -1.63502 -0.37443
11.4981 -1.63868 -0.368658
11.5074 -1.64228 -0.362886
11.5167 -1.64583 -0.357114
11.5261 -1.64933 -0.351342
11.5355 -1.65277 -0.345569
11.5449 -1.65616 -0.339797
11.5543 -1.65949 -0.334025
11.5638 -1.66277 -0.328253
11.5732 -1.66599 -0.322481
11.5827 -1.66916 -0.316708
11.5922 -1.67228 -0.310936
11.6017 -1.67534 -0.305164
11.6113 -1.67834 -0.299392
11.6208 -1.68129 -0.29362
11.6304 -1.68419 -0.287847
11.64 -1.68702 -0.282075
11.6496 -1.68981 -0.276303
11.6592 -1.69254 -0.270531
11.6689 -1.69521 -0.264759
11.6785 -1.69783 -0.258987
11.6882 -1.70039 -0.253214
11.6979 -1.70289 -0.247442
11.7076 -1.70534 -0.24167
11.7173 -1.70773 -0.235898
11.727 -1.71007 -0.230126
11.7367 -1.71235 -0.224353
11.7465 -1.71458 -0.218581
11.7562 -1.71675 -0.212809
11.766 -1.71886 -0.207037
11.7758 -1.72091 -0.201265
11.7856 -1.72291 -0.195493
11.7954 -1.72485 -0.18972
11.8052 -1.72674 -0.183948
11.8151 -1.72857 -0.178176
11.8249 -1.73034 -0.172404
11.8347 -1.73206 -0.166632
11.8446 -1.73372 -0.160859
11.8545 -1.73532 -0.155087
11.8644 -1.73686 -0.149315
11.8743 -1.73835 -0.143543
11.8841 -1.73978 -0.137771
11.8941 -1.74115 -0.131998
11.904 -1.74247 -0.126226
11.9139 -1.74373 -0.120454
11.9238 -1.74493 -0.114682
11.9337 -1.74607 -0.10891
11.9437 -1.74716 -0.103138
11.9536 -1.74819 -0.0973654
11.9636 -1.74916 -0.0915932
11.9735 -1.75008 -0.085821
11.9835 -1.75094 -0.0800488
11.9935 -1.75173 -0.0742766
12.0035 -1.75248 -0.0685044
12.0134 -1.75316 -0.0627322
12.0234 -1.75379 -0.0569601
12.0334 -1.75436 -0.0511879
12.0434 -1.75487 -0.0454157
12.0534 -1.75532 -0.0396435
12.0634 -1.75572 -0.0338713
12.0734 -1.75606 -0.0280991
12.0833 -1.75634 -0.0223269
12.0933 -1.75656 -0.0165548
12.1033 -1.75673 -0.0107826
12.1133 -1.75684 -0.00501039
12.1233 -1.75689 0.0007618
12.1333 -1.75688 0.00653399
12.1433 -1.75681 0.0123062
12.1533 -1.75669 0.0180784
12.1633 -1.75651 0.0238505
12.1733 -1.75627 0.0296227
12.1833 -1.75597 0.0353949
12.1933 -1.75562 0.0411671
12.2033 -1.75521 0.0469393
12.2133 -1.75474 0.0527115
12.2233 -1.75421 0.0584837
12.2333 -1.75363 0.0642558
12.2433 -1.75299 0.070028
12.2532 -1.75229 0.0758002
12.2632 -1.75153 0.0815724
12.2732 -1.75071 0.0873446
12.2831 -1.74984 0.0931168
12.2931 -1.74891 0.098889
12.303 -1.74793 0.104661
12.313 -1.74688 0.110433
12.3229 -1.74578 0.116206
12.3329 -1.74462 0.121978
12.3428 -1.7434 0.12775
12.3527 -1.74213 0.133522
12.3626 -1.7408 0.139294
12.3725 -1.73941 0.145066
12.3824 -1.73796 0.150839
12.3923 -1.73646 0.156611
12.4022 -1.7349 0.162383
12.412 -1.73328 0.168155
12.4219 -1.73161 0.173927
12.4318 -1.72988 0.1797
12.4416 -1.72809 0.185472
12.4514 -1.72625 0.191244
12.4612 -1.72435 0.197016
12.471 -1.72239 0.202788
12.4808 -1.72038 0.20856
12.4906 -1.71831 0.214333
12.5004 -1.71618 0.220105
12.5102 -1.714 0.225877
12.5199 -1.71176 0.231649
12.5296 -1.70946 0.237421
12.5394 -1.70711 0.243194
12.5491 -1.7047 0.248966
12.5587 -1.70224 0.254738
12.5684 -1.69972 0.26051
12.5781 -1.69714 0.266282
12.5877 -1.69451 0.272055
12.5974 -1.69182 0.277827
12.607 -1.68908 0.283599
12.6166 -1.68628 0.289371
12.6262 -1.68343 0.295143
12.6357 -1.68052 0.300915
12.6453 -1.67755 0.306688
12.6548 -1.67454 0.31246
12.6643 -1.67146 0.318232
12.6738 -1.66833 0.324004
12.6833 -1.66515 0.329776
12.6928 -1.66191 0.335549
12.7022 -1.65862 0.341321
12.7116 -1.65527 0.347093
12.721 -1.65187 0.352865
12.7304 -1.64841 0.358637
12.7398 -1.6449 0.36441
12.7491 -1.64134 0.370182
12.7585 -1.63772 0.375954
12.7678 -1.63405 0.381726
12.777 -1.63032 0.387498
12.7863 -1.62655 0.39327
12.7955 -1.62271 0.399043
12.8047 -1.61883 0.404815
12.8139 -1.61489 0.410587
12.8231 -1.6109 0.416359
12.8323 -1.60685 0.422131
12.8414 -1.60276 0.427904
12.8505 -1.59861 0.433676
12.8596 -1.5944 0.439448
12.8686 -1.59015 0.44522
12.8776 -1.58584 0.450992
12.8866 -1.58149 0.456764
12.8956 -1.57707 0.462537
12.9045 -1.57261 0.468309
12.9135 -1.5681 0.474081
12.9224 -1.56353 0.479853
12.9312 -1.55892 0.485625
12.9401 -1.55425 0.491398
12.9489 -1.54953 0.49717
12.9577 -1.54476 0.502942
12.9665 -1.53994 0.508714
12.9752 -1.53507 0.514486
12.9839 -1.53015 0.520259
12.9926 -1.52518 0.526031
13.0012 -1.52016 0.531803
