0.02 0 0.0040542
0.0399998 8.10838e-05 0.0081084
0.0599992 0.00024325 0.0121626
0.0799977 0.000486496 0.0162168
0.0999951 0.000810818 0.020271
0.119991 0.00121621 0.0243252
0.139985 0.00170267 0.0283794
0.159977 0.00227018 0.0324336
0.179966 0.00291874 0.0364878
0.199953 0.00364833 0.040542
0.219937 0.00445895 0.0445962
0.239917 0.00535058 0.0486504
0.259893 0.0063232 0.0527046
0.279865 0.00737681 0.0567588
0.299833 0.00851137 0.060813
0.319796 0.00972688 0.0648672
0.339754 0.0110233 0.0689214
0.359707 0.0124007 0.0729756
0.379653 0.0138589 0.0770298
0.399594 0.0153979 0.081084
0.419528 0.0170178 0.0851382
0.439456 0.0187186 0.0891924
0.459376 0.0205 0.0932466
0.47929 0.0223623 0.0973008
0.499195 0.0243052 0.101355
0.519092 0.0263289 0.105409
0.538981 0.0284331 0.109463
0.558862 0.030618 0.113518
0.578733 0.0328835 0.117572
0.598595 0.0352295 0.121626
0.618447 0.0376561 0.12568
0.638289 0.0401631 0.129734
0.658121 0.0427505 0.133789
0.677943 0.0454183 0.137843
0.697753 0.0481664 0.141897
0.717552 0.0509948 0.145951
0.737339 0.0539035 0.150005
0.757115 0.0568924 0.15406
0.776878 0.0599614 0.158114
0.796628 0.0631105 0.162168
0.816366 0.0663397 0.166222
0.83609 0.0696488 0.170276
0.855801 0.0730379 0.174331
0.875498 0.0765069 0.178385
0.89518 0.0800557 0.182439
0.914849 0.0836843 0.186493
0.934502 0.0873926 0.190547
0.95414 0.0911805 0.194602
0.973762 0.095048 0.198656
0.993369 0.098995 0.20271
1.01296 0.103022 0.206764
1.03253 0.107127 0.210818
1.05209 0.111313 0.214873
1.07163 0.115577 0.218927
1.09115 0.119921 0.222981
1.11066 0.124343 0.227035
1.13014 0.128845 0.231089
1.14961 0.133426 0.235144
1.16906 0.138086 0.239198
1.18849 0.142824 0.243252
1.2079 0.147641 0.247306
1.2273 0.152537 0.25136
1.24667 0.157512 0.255415
1.26602 0.162565 0.259469
1.28535 0.167696 0.263523
1.30466 0.172906 0.267577
1.32395 0.178194 0.271631
1.34321 0.18356 0.275686
1.36246 0.189004 0.27974
1.38168 0.194526 0.283794
1.40088 0.200126 0.287848
1.42006 0.205804 0.291902
1.43921 0.211559 0.295957
1.45834 0.217392 0.300011
1.47745 0.223303 0.304065
1.49653 0.229291 0.308119
1.51559 0.235356 0.312173
1.53462 0.241499 0.316228
1.55363 0.247718 0.320282
1.57261 0.254015 0.324336
1.59157 0.260389 0.32839
1.6105 0.266839 0.332444
1.62941 0.273366 0.336499
1.64829 0.27997 0.340553
1.66714 0.28665 0.344607
1.68596 0.293407 0.348661
1.70476 0.300239 0.352715
1.72353 0.307148 0.35677
1.74227 0.314133 0.360824
1.76098 0.321194 0.364878
1.77966 0.328331 0.368932
1.79832 0.335543 0.372986
1.81694 0.342831 0.377041
1.83554 0.350195 0.381095
1.8541 0.357633 0.385149
1.87264 0.365147 0.389203
1.89114 0.372736 0.393257
1.90962 0.3804 0.397312
1.92806 0.388139 0.401366
1.94647 0.395953 0.40542
1.97404 0.407785 0.4147
2.00149 0.419872 0.42398
2.02884 0.432214 0.43326
2.05607 0.444809 0.44254
2.08318 0.457656 0.451821
2.11016 0.470754 0.461101
2.13703 0.484102 0.470381
2.16377 0.497699 0.479661
2.19039 0.511543 0.488941
2.21687 0.525634 0.498221
2.24323 0.53997 0.507501
2.26944 0.55455 0.516781
2.29553 0.569372 0.526061
2.32147 0.584436 0.535341
2.34727 0.59974 0.544621
2.37293 0.615283 0.553901
2.39845 0.631063 0.563182
2.42381 0.64708 0.572462
2.44903 0.663331 0.581742
2.4741 0.679815 0.591022
2.49901 0.696532 0.600302
2.52376 0.713478 0.609582
2.54836 0.730654 0.618862
2.5728 0.748057 0.628142
2.59707 0.765687 0.637422
2.62118 0.78354 0.646702
2.64512 0.801617 0.655982
2.66889 0.819915 0.665263
2.6925 0.838433 0.674543
2.71593 0.857169 0.683823
2.73918 0.876122 0.693103
2.76226 0.89529 0.702383
2.78516 0.914671 0.711663
2.80788 0.934264 0.720943
2.83041 0.954067 0.730223
2.85276 0.974078 0.739503
2.87493 0.994296 0.748783
2.8969 1.01472 0.758063
2.91869 1.03534 0.767343
2.94028 1.05617 0.776624
2.96168 1.0772 0.785904
2.98288 1.09842 0.795184
3.00389 1.11984 0.804464
3.02469 1.14145 0.813744
3.04529 1.16326 0.823024
3.06569 1.18526 0.832304
3.08589 1.20744 0.841584
3.10588 1.22981 0.850864
3.12566 1.25237 0.860144
3.14523 1.27511 0.869424
3.16459 1.29802 0.878705
3.18373 1.32112 0.887985
3.20266 1.3444 0.897265
3.22137 1.36784 0.906545
3.23987 1.39147 0.915825
3.25814 1.41526 0.925105
3.27619 1.43922 0.934385
3.29402 1.46334 0.943665
3.31163 1.48764 0.952945
3.32901 1.51209 0.962225
3.34616 1.5367 0.971505
3.36308 1.56148 0.980785
3.37977 1.5864 0.990066
3.39623 1.61149 0.999346
3.41245 1.63672 1.00863
3.42845 1.6621 1.01791
3.4442 1.68763 1.02719
3.45972 1.71331 1.03647
3.47499 1.73913 1.04575
3.49003 1.76509 1.05503
3.50483 1.79118 1.06431
3.51938 1.81742 1.07359
3.53369 1.84378 1.08287
3.54775 1.87028 1.09215
3.56157 1.89691 1.10143
3.57514 1.92367 1.11071
3.58846 1.95055 1.11999
3.60153 1.97755 1.12927
3.61435 2.00467 1.13855
3.62692 2.03191 1.14783
3.63923 2.05927 1.15711
3.65129 2.08674 1.16639
3.6631 2.11432 1.17567
3.67465 2.14201 1.18495
3.68594 2.1698 1.19423
3.69697 2.1977 1.20351
3.70774 2.2257 1.21279
3.71825 2.2538 1.22207
3.7285 2.28199 1.23135
3.73849 2.31028 1.24063
3.74822 2.33866 1.24991
3.75768 2.36713 1.25919
3.76688 2.39568 1.26847
3.77581 2.42432 1.27775
3.78448 2.45304 1.28703
3.79288 2.48184 1.29631
3.80101 2.51072 1.30559
3.80887 2.53967 1.31487
3.81647 2.5687 1.32415
3.82379 2.59779 1.33343
3.8332 2.63667 1.35034
3.84194 2.6757 1.36725
3.85003 2.71487 1.38416
3.85745 2.75418 1.40108
3.86421 2.7936 1.41799
3.8703 2.83314 1.4349
3.87572 2.87277 1.45181
3.88046 2.91248 1.46872
3.88454 2.95228 1.48563
3.88794 2.99213 1.50255
3.89067 3.03204 1.51946
3.89272 3.07199 1.53637
3.8941 3.11196 1.55328
3.8948 3.15196 1.57019
3.89482 3.19196 1.5871
3.89417 3.23195 1.60402
3.89284 3.27193 1.62093
3.89084 3.31188 1.63784
3.88816 3.35179 1.65475
3.88481 3.39165 1.67166
3.88078 3.43144 1.68858
3.87608 3.47117 1.70549
3.87071 3.5108 1.7224
3.86466 3.55035 1.73931
3.85796 3.58978 1.75622
3.85058 3.62909 1.77313
3.84254 3.66828 1.79005
3.83384 3.70732 1.80696
3.82448 3.74621 1.82387
3.81447 3.78494 1.84078
3.8038 3.82349 1.85769
3.79248 3.86185 1.8746
3.78052 3.90002 1.89152
3.76791 3.93798 1.90843
3.75466 3.97572 1.92534
3.74077 4.01323 1.94225
3.72625 4.05051 1.95916
3.7111 4.08753 1.97607
3.69533 4.12429 1.99299
3.67894 4.16077 2.0099
3.66194 4.19698 2.02681
3.64432 4.23289 2.04372
3.6261 4.2685 2.06063
3.60728 4.3038 2.07754
3.58787 4.33877 2.09446
3.56787 4.37341 2.11137
3.54728 4.40771 2.12828
3.52612 4.44165 2.14519
3.50439 4.47523 2.1621
3.48209 4.50844 2.17902
3.45923 4.54127 2.19593
3.43582 4.5737 2.21284
3.41187 4.60574 2.22975
3.38738 4.63736 2.24666
3.36236 4.66857 2.26357
3.33681 4.69935 2.28049
3.31075 4.72969 2.2974
3.28417 4.75959 2.31431
3.2571 4.78903 2.33122
3.22953 4.81801 2.34813
3.20147 4.84653 2.36504
3.17294 4.87456 2.38196
3.14394 4.90211 2.39887
3.11447 4.92916 2.41578
3.08455 4.95571 2.43269
3.05419 4.98175 2.4496
3.02339 5.00727 2.46651
2.99216 5.03227 2.48343
2.96052 5.05674 2.50034
2.92847 5.08066 2.51725
2.89601 5.10405 2.53416
2.86317 5.12688 2.55107
2.82994 5.14915 2.56799
2.79634 5.17085 2.5849
2.76238 5.19199 2.60181
2.72807 5.21255 2.61872
2.69341 5.23252 2.63563
2.65843 5.25191 2.65254
2.62311 5.2707 2.66946
2.58749 5.28889 2.68637
2.55156 5.30648 2.70328
2.51535 5.32345 2.72019
2.47884 5.33982 2.7371
2.44207 5.35556 2.75401
2.40504 5.37068 2.77093
2.36776 5.38517 2.78784
2.33023 5.39902 2.80475
2.29248 5.41224 2.82166
2.25451 5.42482 2.83857
2.21633 5.43676 2.85548
2.17796 5.44805 2.8724
2.1394 5.45869 2.88931
2.10067 5.46867 2.90622
2.06177 5.478 2.92313
2.02272 5.48667 2.94004
1.98353 5.49468 2.95695
1.94421 5.50202 2.97387
1.90477 5.5087 2.99078
1.86522 5.51471 3.00769
1.82558 5.52005 3.0246
1.77592 5.52588 3.05192
1.72613 5.53036 3.07923
1.67622 5.53348 3.10655
1.62625 5.53523 3.13386
1.57625 5.53562 3.16118
1.52626 5.53464 3.18849
1.47632 5.53229 3.21581
1.42646 5.52858 3.24312
1.37671 5.52352 3.27044
1.32713 5.51709 3.29775
1.27774 5.50932 3.32507
1.22858 5.50019 3.35238
1.17968 5.48973 3.3797
1.13109 5.47794 3.40701
1.08284 5.46482 3.43433
1.03497 5.45039 3.46164
0.987511 5.43466 3.48896
0.940497 5.41764 3.51627
0.893966 5.39934 3.54359
0.847952 5.37978 3.5709
0.802489 5.35897 3.59822
0.757612 5.33692 3.62553
0.713353 5.31366 3.65285
0.669747 5.2892 3.68016
0.626825 5.26355 3.70748
0.584619 5.23674 3.73479
0.543161 5.20879 3.76211
0.502483 5.17972 3.78943
0.462613 5.14955 3.81674
0.423582 5.11829 3.84406
0.385419 5.08599 3.87137
0.348153 5.05265 3.89869
0.311812 5.01831 3.926
0.276421 4.98299 3.95332
0.242009 4.94672 3.98063
0.2086 4.90952 4.00795
0.176219 4.87142 4.03526
0.144892 4.83245 4.06258
0.11464 4.79264 4.08989
0.0854863 4.75202 4.11721
0.0574534 4.71062 4.14452
0.0305616 4.66847 4.17184
0.00483113 4.6256 4.19915
-0.0197189 4.58204 4.22647
-0.04307 4.53782 4.25378
-0.065205 4.49299 4.2811
-0.0861072 4.44757 4.30841
-0.105761 4.40159 4.33573
-0.124152 4.3551 4.36304
-0.141266 4.30812 4.39036
-0.157091 4.26069 4.41767
-0.171614 4.21285 4.44499
-0.184826 4.16462 4.4723
-0.196715 4.11606 4.49962
-0.207273 4.06718 4.52693
-0.216493 4.01804 4.55425
-0.224367 3.96867 4.58156
-0.23089 3.91909 4.60888
-0.236056 3.86936 4.63619
-0.239862 3.81951 4.66351
-0.242305 3.76957 4.69082
-0.243383 3.71958 4.71814
-0.243096 3.66958 4.74545
-0.241443 3.61961 4.77277
-0.238426 3.5697 4.80008
-0.234046 3.51989 4.8274
-0.228308 3.47022 4.85472
-0.221216 3.42072 4.88203
-0.212775 3.37144 4.90935
-0.20299 3.32241 4.93666
-0.191871 3.27366 4.96398
-0.179424 3.22524 4.99129
-0.165659 3.17717 5.01861
-0.150586 3.12949 5.04592
-0.134217 3.08225 5.07324
-0.116563 3.03547 5.10055
-0.0976391 2.98919 5.12787
-0.0774577 2.94344 5.15518
-0.0560345 2.89826 5.1825
-0.0333854 2.85369 5.20981
-0.00952731 2.80975 5.23713
0.015522 2.76647 5.26444
0.0417438 2.7239 5.29176
0.0691186 2.68206 5.31907
0.0976259 2.64098 5.34639
0.127244 2.6007 5.3737
0.157952 2.56124 5.40102
0.189726 2.52264 5.42833
0.222543 2.48491 5.45565
0.256377 2.4481 5.48296
0.291204 2.41222 5.51028
0.326999 2.37731 5.53759
0.363733 2.34339 5.56491
0.40138 2.31049 5.59222
0.439912 2.27862 5.61954
0.479299 2.24782 5.64685
0.519513 2.21811 5.67417
0.560524 2.18951 5.70148
0.6023 2.16204 5.7288
0.644811 2.13572 5.75611
0.696668 2.10554 5.79716
0.74972 2.07751 5.83821
0.803878 2.05168 5.87926
0.859049 2.0281 5.92031
0.915142 2.0068 5.96136
0.972061 1.98782 6.0024
1.02971 1.9712 6.04345
1.088 1.95695 6.0845
1.14682 1.94511 6.12555
1.20607 1.93569 6.1666
1.26566 1.92871 6.20764
1.32549 1.92418 6.24869
1.38546 1.92211 6.28974
1.44546 1.92251 6.33079
1.50539 1.92536 6.37184
1.56515 1.93067 6.41289
1.62465 1.93843 6.45393
1.68378 1.94863 6.49498
1.74244 1.96124 6.53603
1.80053 1.97625 6.57708
1.85795 1.99363 6.61813
1.91462 2.01335 6.65917
1.97043 2.03539 6.70022
2.02529 2.05969 6.74127
2.0791 2.08622 6.78232
2.13178 2.11494 6.82337
2.18324 2.1458 6.86442
2.23338 2.17874 6.90546
2.28214 2.21372 6.94651
2.32941 2.25066 6.98756
2.37514 2.28952 7.02861
2.41922 2.33021 7.06966
2.4616 2.37268 7.11071
2.50221 2.41686 7.15175
2.54096 2.46266 7.1928
2.57781 2.51002 7.23385
2.61267 2.55885 7.2749
2.64551 2.60907 7.31595
2.67626 2.66059 7.35699
2.70486 2.71333 7.39804
2.73128 2.7672 7.43909
2.75547 2.82211 7.48014
2.77738 2.87797 7.52119
2.79698 2.93467 7.56224
2.81424 2.99214 7.60328
2.82912 3.05026 7.64433
2.84161 3.10895 7.68538
2.85168 3.1681 7.72643
2.85931 3.22761 7.76748
2.86449 3.28739 7.80852
2.86722 3.34732 7.84957
2.86748 3.40732 7.89062
2.86529 3.46728 7.93167
2.86063 3.5271 7.97272
2.85352 3.58668 8.01377
2.84398 3.64592 8.05481
2.83201 3.70471 8.09586
2.81764 3.76296 8.13691
2.80089 3.82058 8.17796
2.78179 3.87746 8.21901
2.76037 3.9335 8.26005
2.73667 3.98862 8.3011
2.71072 4.04273 8.34215
2.68258 4.09572 8.3832
2.65229 4.14751 8.42425
2.6199 4.19802 8.4653
2.58546 4.24715 8.50634
2.54904 4.29483 8.54739
2.51069 4.34097 8.58844
2.47048 4.3855 8.62949
2.42847 4.42835 8.67054
2.38475 4.46943 8.71159
2.33937 4.50869 8.75263
2.29242 4.54605 8.79368
2.24398 4.58145 8.83473
2.19412 4.61483 8.87578
2.14294 4.64614 8.91683
2.09052 4.67533 8.95787
2.03694 4.70233 8.99892
1.9823 4.72712 9.03997
1.92668 4.74964 9.08102
1.87019 4.76986 9.12207
1.81292 4.78775 9.16312
1.75497 4.80327 9.20416
1.69642 4.8164 9.24521
1.63738 4.82712 9.28626
1.57796 4.8354 9.32731
1.51824 4.84124 9.36836
1.45834 4.84462 9.4094
1.39835 4.84555 9.45045
1.33837 4.84401 9.4915
1.2785 4.84001 9.53255
1.21885 4.83355 9.5736
1.15951 4.82466 9.61465
1.10059 4.81333 9.65569
1.04218 4.7996 9.69674
0.984387 4.78348 9.73779
0.927302 4.76501 9.77884
0.871024 4.74421 9.81989
0.815647 4.72111 9.86093
